0.999961	-0.000105157	0.00885757	-0.185599	8.88449e-05	0.999998	0.001842	0.0119757	-0.00885775	-0.00184115	0.999959	0.778081	
0.999915	0.00104693	0.0130306	-0.145297	-0.00105127	0.999999	0.000326377	0.107723	-0.0130303	-0.000340048	0.999915	1.57131	
0.999558	0.00656161	0.0289805	-0.0934302	-0.00659471	0.999978	0.00104693	0.156498	-0.028973	-0.00123758	0.999579	2.36813	
0.99888	0.00374712	0.0471643	-0.0522281	-0.00376562	0.999993	0.000303475	0.204031	-0.0471628	-0.000480738	0.998887	3.16566	
0.998496	0.00101045	0.0548097	0.0404708	-0.00109458	0.999998	0.00150507	0.225232	-0.054808	-0.0015628	0.998496	3.95998	
0.99852	0.000158348	0.0543917	0.138584	-0.000166747	1	0.000149881	0.288968	-0.0543917	-0.000158729	0.99852	4.75138	
0.998741	-0.00142731	0.050134	0.27833	0.00145707	0.999999	-0.000557001	0.343452	-0.0501331	0.000629349	0.998742	5.5372	
0.99922	0.000499133	0.0394788	0.380482	-0.000415831	0.999998	-0.00211824	0.413141	-0.0394798	0.00210017	0.999218	6.32758	
0.999807	-0.00600813	0.0187003	0.409785	0.00608808	0.999973	-0.00422095	0.453956	-0.0186745	0.00433398	0.999816	7.126	
0.999937	-0.00483564	-0.0101052	0.459797	0.00477589	0.999971	-0.00592898	0.496648	0.0101335	0.00588035	0.999931	7.92329	
0.999671	-0.00167212	-0.0256017	0.47661	0.00150936	0.999979	-0.00637536	0.519429	0.0256118	0.00633462	0.999652	8.72279	
0.999826	0.000860226	-0.0186286	0.465576	-0.001042	0.999952	-0.00975039	0.614965	0.0186194	0.0097681	0.999779	9.51699	
0.999814	0.00554516	-0.0184614	0.657821	-0.00578242	0.999901	-0.012823	0.747028	0.0183884	0.0129274	0.999747	10.2822	
0.999851	0.0090523	-0.0146738	0.633395	-0.0091892	0.999915	-0.00928926	0.777205	0.0145884	0.00942272	0.999849	11.0813	
0.999897	0.00936006	-0.0108802	0.723632	-0.0094334	0.999933	-0.00670864	0.831078	0.0108167	0.00681058	0.999918	11.8744	
0.99964	0.026844	0.000126713	0.599225	-0.0268427	0.99962	-0.00633215	1	-0.000296645	0.00632647	0.99998	12.6464	
0.99967	0.0249189	-0.00616225	0.714153	-0.0249496	0.999676	-0.00495135	1.04416	0.00603687	0.00510347	0.999969	13.4368	
0.999709	0.0238976	-0.00329685	0.766051	-0.023918	0.999694	-0.00629581	1.18053	0.00314538	0.00637283	0.999975	14.2234	
0.999688	0.0249335	-0.00115814	0.801094	-0.0249404	0.999668	-0.00641135	1.22107	0.0009979	0.00643824	0.999979	15.0216	
0.999707	0.0236226	0.00522641	0.653567	-0.0236026	0.999714	-0.00385618	1.12406	-0.00531601	0.0037317	0.999979	15.8019	
0.999647	0.0263274	-0.00370228	0.881976	-0.0263171	0.99965	0.0027932	0.968523	0.00377452	-0.00269478	0.999989	16.5526	
0.999701	0.0243537	0.00217525	0.906445	-0.0243563	0.999703	0.00114384	0.9993	-0.00214675	-0.00119648	0.999997	17.3517	
0.99968	0.0240145	0.00791107	0.900152	-0.0239985	0.99971	-0.00211237	1.04111	-0.0079595	0.00192184	0.999966	18.1506	
0.999782	0.0207081	0.00265988	1.11844	-0.020699	0.99978	-0.00340061	1.054	-0.00272972	0.00334481	0.999991	18.9201	
0.99986	0.0160449	-0.0048007	1.29895	-0.0159882	0.999805	0.0116159	0.684558	0.00498614	-0.0115375	0.999921	19.6063	
0.999922	0.011965	-0.00368545	1.32254	-0.011858	0.999543	0.0278132	0.291331	0.00401655	-0.0277674	0.999606	20.3026	
0.999915	0.00997901	-0.00837496	1.5727	-0.00976321	0.999629	0.0254253	0.355413	0.00862557	-0.0253413	0.999642	21.0598	
0.999902	0.00698286	-0.0121505	1.65671	-0.00666819	0.999646	0.0257484	0.452862	0.012326	-0.0256648	0.999595	21.8494	
0.999614	0.0100823	-0.0259	1.91826	-0.0097446	0.999866	0.0131326	0.80726	0.026029	-0.0128752	0.999578	22.5172	
0.999778	0.0128684	-0.0167114	1.87362	-0.0126838	0.999858	0.0111017	0.8992	0.0168518	-0.0108873	0.999799	23.3107	
0.999848	0.012491	-0.0121924	1.95741	-0.0123807	0.999882	0.00908634	0.975665	0.0123045	-0.00893401	0.999884	24.1026	
0.999825	0.0143632	-0.0119585	1.93061	-0.0142764	0.999871	0.00730665	1.0899	0.0120619	-0.00713465	0.999902	24.8939	
0.999764	0.010633	-0.0189181	1.93454	-0.0104872	0.999915	0.00779071	1.15443	0.0189993	-0.00759047	0.999791	25.6913	
0.999428	0.0134197	-0.0310431	1.96692	-0.0131289	0.999868	0.00955132	1.21683	0.0311672	-0.00913829	0.999472	26.4882	
0.99921	0.0127731	-0.037633	1.99271	-0.0124377	0.999881	0.00913244	1.331	0.0377452	-0.00865716	0.99925	27.2796	
0.999001	0.0165022	-0.0415279	1.99825	-0.0160586	0.999811	0.0109942	1.37683	0.0417015	-0.0103164	0.999077	28.0783	
0.999224	0.0149957	-0.0364272	2.03113	-0.0146134	0.999836	0.0107376	1.44079	0.0365822	-0.010197	0.999279	28.875	
0.999416	0.0152268	-0.0305935	2.06378	-0.0149416	0.999843	0.00953007	1.5131	0.0307338	-0.00906739	0.999486	29.6711	
0.999572	0.0148047	-0.0252378	2.09509	-0.0146301	0.999868	0.00708889	1.56273	0.0253395	-0.00671663	0.999656	30.4689	
0.999558	0.0120592	-0.027182	2.22087	-0.011912	0.999914	0.00557219	1.63546	0.0272469	-0.00524594	0.999615	31.2556	
0.999432	0.0122858	-0.0313783	2.22822	-0.0121128	0.99991	0.00569473	1.70145	0.0314455	-0.00531141	0.999491	32.0529	
0.999211	0.0120481	-0.0378334	2.21556	-0.0118791	0.999918	0.00468815	1.81642	0.0378867	-0.00423503	0.999273	32.8445	
0.998991	0.0142573	-0.0425918	2.19575	-0.0139518	0.999875	0.0074605	1.84756	0.0426929	-0.00685874	0.999065	33.6436	
0.998913	0.0156083	-0.0439293	2.25699	-0.0154499	0.999873	0.00394264	1.96868	0.0439852	-0.00325965	0.999027	34.432	
0.999199	0.0140582	-0.0374533	2.28361	-0.0139215	0.999895	0.00390985	2.03514	0.0375044	-0.00338532	0.999291	35.2288	
0.999419	0.0145235	-0.0308236	2.3171	-0.0144151	0.999889	0.00373417	2.08723	0.0308744	-0.00328768	0.999518	36.0264	
0.999601	0.0167122	-0.0227516	2.30085	-0.0166517	0.999857	0.0028468	2.15479	0.0227959	-0.00246681	0.999737	36.8234	
0.99966	0.0158274	-0.0207328	2.34086	-0.0158119	0.999875	0.000909958	2.24098	0.0207446	-0.000581823	0.999785	37.6177	
0.999554	0.0140721	-0.0263474	2.43632	-0.0140596	0.999901	0.000658351	2.29928	0.0263541	-0.000287623	0.999653	38.4099	
0.999627	0.0134556	-0.0237854	2.4027	-0.0135073	0.999907	-0.00201489	2.3961	0.023756	0.00233541	0.999715	39.2033	
0.999528	0.0156791	-0.0264171	2.45233	-0.0157109	0.999876	-0.000997844	2.43998	0.0263982	0.00141241	0.999651	40.0005	
0.999506	0.0157464	-0.0272095	2.47236	-0.0158264	0.999871	-0.0027282	2.52423	0.027163	0.00315748	0.999626	40.7958	
0.999553	0.0194949	-0.0226522	2.50291	-0.0195635	0.999805	-0.00281328	2.6053	0.0225929	0.00325518	0.999739	41.5911	
0.999593	0.0218933	-0.018271	2.52272	-0.0219515	0.999755	-0.0029899	2.65935	0.0182011	0.00338976	0.999829	42.389	
0.99966	0.0227181	-0.0127813	2.49688	-0.0227292	0.999741	-0.000722453	2.70593	0.0127616	0.00101272	0.999918	43.1873	
0.999476	0.0238605	-0.021872	2.6448	-0.0238759	0.999715	-0.000440843	2.74515	0.0218553	0.000962826	0.999761	43.9725	
0.999487	0.0219475	-0.0233181	2.68559	-0.0220163	0.999754	-0.00269645	2.80932	0.0232532	0.00320845	0.999724	44.7689	
0.999531	0.0167495	-0.0256251	2.7189	-0.0168797	0.999846	-0.00487133	2.8839	0.0255395	0.00530159	0.99966	45.5647	
0.999408	0.0191875	-0.0285419	2.66763	-0.0193602	0.999796	-0.00578865	2.92682	0.028425	0.0063378	0.999576	46.3619	
0.999248	0.0177942	-0.0344631	2.73824	-0.0180882	0.999802	-0.00823622	2.97788	0.0343098	0.00885339	0.999372	47.1571	
0.999241	0.0167515	-0.0351818	2.72606	-0.0171238	0.9998	-0.0103082	3.03919	0.0350021	0.0109028	0.999328	47.9547	
0.998948	0.0175056	-0.0423744	2.73701	-0.0180165	0.999769	-0.0117043	3.08828	0.0421597	0.0124554	0.999033	48.7531	
0.999095	0.00812651	-0.0417493	2.73155	-0.00872982	0.99986	-0.0142888	3.17112	0.0416273	0.0146404	0.999026	49.5488	
0.999198	0.00849034	-0.0391226	2.76768	-0.00911587	0.999833	-0.0158384	3.21957	0.0389816	0.0161823	0.999109	50.3465	
0.99948	0.00873953	-0.031026	2.76679	-0.00917778	0.99986	-0.0140113	3.25934	0.0308992	0.0142887	0.99942	51.1455	
0.999624	0.009629	-0.0256634	2.79388	-0.0100136	0.999839	-0.0148992	3.30278	0.0255158	0.0151506	0.99956	51.9439	
0.999482	0.0106537	-0.0303575	3.01943	-0.0110869	0.999839	-0.0141392	3.22503	0.030202	0.0144684	0.999439	52.7075	
0.999725	0.00794582	-0.0220527	3.04089	-0.00824671	0.999874	-0.013587	3.22735	0.0219419	0.0137652	0.999664	53.5072	
0.999917	0.00614852	-0.0112839	3.03571	-0.00631216	0.999875	-0.014524	3.23607	0.0111932	0.014594	0.999831	54.3071	
0.99992	0.00773771	-0.00998916	3.07025	-0.00789642	0.999842	-0.0159474	3.27543	0.00986418	0.0160251	0.999823	55.1054	
0.999689	0.0109429	-0.0224224	3.12091	-0.0112898	0.999818	-0.0154044	3.3336	0.0222498	0.0156527	0.99963	55.9017	
0.999425	0.0118671	-0.031755	3.15132	-0.0122921	0.999837	-0.0132214	3.38613	0.0315929	0.0136042	0.999408	56.6994	
0.99927	0.0104033	-0.0367633	3.13516	-0.0108355	0.999874	-0.0115765	3.47275	0.0366383	0.0119664	0.999257	57.4945	
0.998866	0.0134817	-0.0456541	3.1425	-0.0140249	0.999834	-0.0115989	3.51442	0.0454902	0.0122261	0.99889	58.2934	
0.998408	0.0160473	-0.054071	3.14492	-0.016638	0.999807	-0.0104919	3.6263	0.0538922	0.0113748	0.998482	59.0855	
0.998633	0.0193548	-0.0485502	3.1042	-0.0200714	0.999696	-0.0143156	3.78993	0.0482584	0.0152705	0.998718	59.8675	
0.998975	0.0162021	-0.0422678	3.06707	-0.0169289	0.999714	-0.0168919	3.81544	0.041982	0.0175901	0.998964	60.6663	
0.998862	0.0193778	-0.043573	3.02699	-0.020207	0.999621	-0.0186695	3.86795	0.0431948	0.0195287	0.998876	61.4635	
0.999106	0.0181628	-0.0381704	3.06339	-0.0190631	0.999545	-0.0233553	3.95525	0.0377289	0.0240621	0.998998	62.2579	
0.999524	0.0128451	-0.0280556	3.0678	-0.0136322	0.999514	-0.0280447	4.00228	0.0276817	0.0284138	0.999213	63.0565	
0.999664	0.0170676	-0.0195162	3.01518	-0.0176593	0.999377	-0.0305589	4.09404	0.0189825	0.0308933	0.999342	63.8495	
0.999602	0.024	-0.0148192	2.96704	-0.0244091	0.999308	-0.0280695	4.13097	0.0141353	0.0284201	0.999496	64.6472	
0.999632	0.0271273	-0.000755136	3.01674	-0.0271378	0.999268	-0.0269622	4.16083	2.31699e-05	0.0269728	0.999636	65.4451	
0.99943	0.0268782	0.0204435	3.05287	-0.0263064	0.999269	-0.0277461	4.21688	-0.0211743	0.0271925	0.999406	66.2423	
0.999429	0.0265063	0.0209585	2.99546	-0.0259099	0.999265	-0.0282344	4.27011	-0.0216915	0.0276752	0.999382	67.0385	
0.999612	0.0253218	0.0115798	3.09176	-0.0249657	0.99924	-0.0299261	4.29326	-0.0123288	0.0296254	0.999485	67.8323	
0.999668	0.0251832	0.00540142	3.16091	-0.0249981	0.999176	-0.031962	4.33003	-0.00620188	0.0318163	0.999474	68.6285	
0.999564	0.0295107	0.000926772	3.1269	-0.0294587	0.998926	-0.0357499	4.38013	-0.00198078	0.035707	0.99936	69.4262	
0.999654	0.0242214	-0.0102479	3.16306	-0.0246074	0.998921	-0.0393757	4.40557	0.00928312	0.0396143	0.999172	70.225	
0.99944	0.0235837	-0.0237224	3.28679	-0.0245614	0.998824	-0.0418063	4.43022	0.0227085	0.0423656	0.998844	71.0149	
0.999215	0.0283491	-0.0276666	3.32779	-0.0294423	0.998768	-0.0399407	4.45007	0.0265002	0.040724	0.998819	71.8136	
0.999084	0.032034	-0.0283664	3.31786	-0.0330299	0.998829	-0.0353643	4.46729	0.0272003	0.0362688	0.998972	72.6134	
0.99902	0.0344726	-0.0277628	3.3457	-0.0354223	0.998778	-0.0344751	4.52798	0.0265404	0.0354248	0.99902	73.4106	
0.999118	0.0357299	-0.022073	3.36114	-0.0366239	0.998466	-0.041524	4.71298	0.0205555	0.0422958	0.998894	74.1888	
0.999138	0.0383448	-0.0158769	3.35356	-0.0390091	0.998274	-0.0438911	4.7614	0.0141665	0.0444726	0.99891	74.9873	
0.99924	0.037399	-0.0109585	3.3265	-0.0378614	0.998243	-0.0455694	4.79055	0.00923505	0.0459497	0.998901	75.7863	
0.999457	0.0280245	-0.0173389	3.34204	-0.0288536	0.998354	-0.0495703	4.83403	0.0159212	0.0500437	0.99862	76.5849	
0.999321	0.0259662	-0.0261471	3.39143	-0.0272671	0.998342	-0.0506887	4.87826	0.0247876	0.0513673	0.998372	77.3822	
0.998896	0.0230509	-0.0409317	3.36535	-0.0251531	0.998351	-0.0516093	4.90049	0.0396745	0.0525818	0.997828	78.1815	
0.998219	0.0257477	-0.0538147	3.33322	-0.028439	0.998351	-0.0498587	4.90185	0.0524423	0.0513003	0.997305	78.9808	
0.997734	0.0277891	-0.0612716	3.29268	-0.03151	0.997663	-0.0606218	5.13418	0.0594438	0.0624151	0.996278	79.7453	
0.997457	0.0258652	-0.0664161	3.25405	-0.0298704	0.997749	-0.0600376	5.13468	0.0647137	0.0618688	0.995984	80.5443	
0.997307	0.0255679	-0.0687424	3.23294	-0.0299537	0.997529	-0.0635448	5.17812	0.0669478	0.0654327	0.995609	81.3429	
0.997501	0.024512	-0.0662651	3.24143	-0.0289492	0.997343	-0.0668526	5.24303	0.0644503	0.0686038	0.99556	82.1402	
0.997981	0.0198846	-0.0603227	3.29751	-0.0242441	0.997079	-0.0724208	5.34444	0.0587064	0.073737	0.995548	82.9317	
0.998617	0.0234439	-0.0470533	3.25787	-0.0270411	0.996639	-0.0773287	5.46911	0.0450822	0.0784942	0.995895	83.721	
0.999027	0.0294337	-0.0328511	3.32194	-0.0319187	0.996452	-0.0778774	5.49796	0.0304423	0.0788501	0.996422	84.5179	
0.999365	0.0356218	0.00125057	3.40617	-0.0354167	0.996341	-0.0777851	5.5333	-0.00401684	0.0776914	0.996969	85.3127	
0.997464	0.0401747	0.0587418	3.38331	-0.0354738	0.996244	-0.07899	5.57976	-0.0616946	0.0767059	0.995143	86.111	
0.990531	0.0471077	0.128955	3.35099	-0.0340984	0.994272	-0.101294	5.80257	-0.132988	0.0959382	0.986463	86.8786	
0.977485	0.0490909	0.205216	3.30773	-0.0287195	0.994462	-0.101094	5.80494	-0.209042	0.0929244	0.973482	87.6775	
0.958379	0.0597335	0.279181	3.37369	-0.0314834	0.994016	-0.104603	5.82843	-0.283758	0.0914594	0.954524	88.4744	
0.941609	0.0554647	0.332109	3.76093	-0.0271937	0.995644	-0.0891791	5.6461	-0.335609	0.0749406	0.939016	89.1503	
0.935983	0.060622	0.346786	4.47739	-0.0317842	0.995591	-0.0882541	5.65782	-0.350607	0.071582	0.933783	89.506	
0.904621	0.0637958	0.421415	3.87519	-0.0289757	0.995652	-0.0885265	5.67419	-0.425231	0.0678721	0.902536	88.9796	
0.872994	0.0664676	0.483181	3.35172	-0.0268448	0.995717	-0.0884713	5.7032	-0.486992	0.0642641	0.871039	88.3753	
0.851232	0.0665455	0.520553	4.11118	-0.0236058	0.995779	-0.0886953	5.60378	-0.524258	0.0632122	0.84921	88.6063	
0.818927	0.069775	0.569641	4.64022	-0.0242383	0.995901	-0.087142	5.59318	-0.573386	0.0575558	0.817261	89.2063	
0.79252	0.0722479	0.605551	5.20095	-0.0243772	0.995917	-0.0869184	5.5548	-0.609358	0.054123	0.791046	89.7756	
0.772859	0.0703281	0.630669	5.79863	-0.0197667	0.996026	-0.0868471	5.49791	-0.63427	0.0546543	0.771177	90.3043	
0.765704	0.0687313	0.63951	5.24867	-0.0170308	0.996092	-0.0866634	5.57542	-0.642968	0.0554671	0.763882	89.7285	
0.754496	0.0689408	0.652674	4.66816	-0.0167171	0.996164	-0.0858979	5.6043	-0.656092	0.0538988	0.752754	89.1788	
0.740306	0.0691426	0.668705	5.17727	-0.0155015	0.996188	-0.0858423	5.60148	-0.672091	0.0531836	0.738556	89.7959	
0.733878	0.0697549	0.67569	5.81705	-0.015973	0.996211	-0.0854954	5.60113	-0.679093	0.0519504	0.732211	90.2762	
0.727676	0.0692551	0.682416	6.38818	-0.0146051	0.996229	-0.0855288	5.57853	-0.685766	0.0522705	0.725943	90.8359	
0.720709	0.0654825	0.690138	6.57285	-0.0130581	0.996634	-0.0809273	5.36515	-0.693115	0.0493132	0.719139	91.5845	
0.724878	0.0637443	0.685921	7.15494	-0.0122509	0.996745	-0.0796832	5.33039	-0.688768	0.0493575	0.7233	92.1322	
0.734166	0.0623629	0.676099	7.71134	-0.0101006	0.996666	-0.0809636	5.33624	-0.678894	0.0526118	0.732349	92.707	
0.740642	0.0640569	0.66884	8.25855	-0.0138268	0.996687	-0.0801448	5.32337	-0.671758	0.0501107	0.739074	93.2904	
0.738853	0.0629669	0.670918	8.79159	-0.017033	0.997052	-0.0748174	5.24874	-0.673651	0.0438513	0.737747	93.8823	
0.735392	0.0609937	0.674891	9.34541	-0.0166881	0.997269	-0.0719447	5.22663	-0.677436	0.0416449	0.734402	94.4592	
0.725478	0.0525243	0.686238	9.58985	-0.0124911	0.997924	-0.0631754	4.94783	-0.688131	0.0372605	0.724629	95.1681	
0.724365	0.0528676	0.687386	10.1024	-0.0157813	0.998066	-0.060132	4.88477	-0.689236	0.0327097	0.723798	95.779	
0.719644	0.0525617	0.692351	10.6696	-0.0151111	0.99808	-0.0600652	4.92569	-0.694179	0.0327634	0.719057	96.3418	
0.714955	0.0527318	0.697179	11.2269	-0.014954	0.998077	-0.0601553	4.92587	-0.69901	0.0325827	0.714369	96.9157	
0.708955	0.0510966	0.7034	11.8216	-0.0113072	0.998067	-0.0611055	4.91825	-0.705163	0.0353676	0.708163	97.4508	
0.706509	0.0514868	0.705829	12.3948	-0.00994665	0.997974	-0.0628412	4.93609	-0.707634	0.0373772	0.705589	98.0085	
0.704525	0.0537688	0.70764	12.9686	-0.0130088	0.997937	-0.062875	4.95723	-0.70956	0.0350914	0.70377	98.5656	
0.698855	0.054385	0.713193	13.5182	-0.0136988	0.99794	-0.0626752	4.97305	-0.715132	0.034031	0.698161	99.1467	
0.693975	0.0547774	0.717912	14.1343	-0.0148507	0.997979	-0.0617912	5.01115	-0.719846	0.0322201	0.693386	99.6556	
0.687357	0.054909	0.724241	14.7488	-0.0162417	0.998051	-0.0602535	4.97134	-0.726138	0.0296527	0.686909	100.166	
0.679703	0.0523031	0.73162	15.3528	-0.0134097	0.998174	-0.0589008	4.96356	-0.733365	0.0302243	0.679163	100.691	
0.6814	0.0534581	0.729956	15.9882	-0.0127078	0.998043	-0.0612288	5.05291	-0.731801	0.0324452	0.680746	101.169	
0.690459	0.0553667	0.72125	16.5987	-0.0146103	0.997931	-0.0626195	5.09532	-0.723224	0.0326985	0.689839	101.684	
0.696583	0.0532597	0.715496	17.1725	-0.012567	0.997994	-0.0620532	5.10887	-0.717366	0.0342336	0.695855	102.241	
0.703832	0.0500789	0.708599	17.7032	-0.00342858	0.99774	-0.0671078	5.25007	-0.710358	0.0448032	0.702413	102.823	
0.722598	0.0537764	0.689174	18.272	-0.00884789	0.997607	-0.0685666	5.28349	-0.691212	0.0434483	0.721345	103.384	
0.728504	0.0531121	0.682979	18.8356	-0.00887577	0.997638	-0.0681142	5.22512	-0.684984	0.0435595	0.727255	103.949	
0.734342	0.0543332	0.676601	19.4514	-0.0111203	0.99762	-0.0680428	5.24096	-0.678688	0.0424427	0.733199	104.46	
0.738391	0.0528774	0.672296	20.0398	-0.00753197	0.997506	-0.0701833	5.26441	-0.67433	0.046759	0.736948	105.001	
0.749847	0.0526031	0.659516	20.576	-0.00756812	0.997451	-0.0709521	5.25021	-0.661567	0.0482119	0.748334	105.595	
0.758823	0.0525061	0.649177	21.123	-0.00825476	0.99744	-0.0710251	5.22424	-0.651244	0.0485367	0.757314	106.178	
0.762077	0.0529965	0.645314	21.65	-0.0111052	0.997568	-0.0688107	5.23565	-0.647392	0.0452727	0.760812	106.78	
0.760962	0.0531555	0.646615	22.1636	-0.0133197	0.997708	-0.0663422	5.22203	-0.64866	0.0418712	0.759926	107.393	
0.756561	0.0539885	0.651691	22.6625	-0.0156073	0.997793	-0.0645421	5.19833	-0.653737	0.0386589	0.755734	108.018	
0.748727	0.0534149	0.660723	23.1194	-0.0138306	0.99779	-0.0649917	5.14526	-0.662735	0.0395228	0.747811	108.672	
0.732336	0.053082	0.678871	23.6683	-0.0120221	0.997809	-0.0650514	5.13593	-0.680837	0.0394781	0.73137	109.254	
0.720263	0.0489924	0.691969	24.2228	-0.00667116	0.997946	-0.063712	5.06287	-0.693669	0.0412732	0.719111	109.826	
0.716755	0.0455453	0.695836	24.8298	-0.00203395	0.997997	-0.0632278	5.03373	-0.697322	0.0439035	0.715412	110.347	
0.711494	0.051189	0.700825	25.2444	-0.0100148	0.997981	-0.0627262	5.08668	-0.702621	0.0376107	0.71057	111.029	
0.715624	0.0535589	0.696429	25.8247	-0.0125278	0.99788	-0.063869	5.11716	-0.698373	0.0369815	0.714778	111.579	
0.720182	0.0514124	0.691877	26.3866	-0.0102915	0.997932	-0.0634423	5.07256	-0.693708	0.0385696	0.719222	112.146	
0.723836	0.0505034	0.688121	26.9431	-0.00924227	0.997938	-0.0635198	5.09157	-0.68991	0.0396182	0.72281	112.721	
0.712684	0.0424137	0.700202	27.1051	-0.000569559	0.998205	-0.0598851	4.93787	-0.701485	0.0422804	0.711429	113.489	
0.716397	0.0422215	0.696414	27.7011	0.00165994	0.998061	-0.062217	4.93724	-0.69769	0.0457281	0.714938	114.022	
0.719793	0.0414514	0.69295	28.3034	0.00577145	0.997824	-0.0656837	4.9676	-0.694164	0.051278	0.717988	114.548	
0.725136	0.0430771	0.687257	28.8652	0.00353393	0.997795	-0.0662703	4.97308	-0.688597	0.0504836	0.723385	115.118	
0.729225	0.0443332	0.682837	29.4363	0.00174765	0.997775	-0.066647	4.90548	-0.684272	0.049794	0.727525	115.674	
0.735258	0.0421908	0.676472	30.0775	0.00277834	0.997865	-0.0652555	4.74787	-0.677781	0.0498591	0.733571	116.125	
0.739999	0.0409554	0.67136	30.7382	0.00480308	0.997797	-0.0661634	4.72567	-0.672591	0.0521854	0.738172	116.576	
0.734387	0.0439677	0.677305	31.3069	-0.000822277	0.997957	-0.0638915	4.73292	-0.67873	0.0463642	0.732923	117.139	
0.722585	0.0434314	0.689916	31.8977	-0.000494602	0.998057	-0.0623114	4.74127	-0.691282	0.044684	0.721202	117.678	
0.716791	0.0425948	0.695986	32.524	0.00130125	0.998049	-0.0624214	4.73553	-0.697287	0.0456488	0.715337	118.176	
0.712421	0.0414309	0.700528	33.1228	0.00404881	0.997996	-0.0631414	4.77626	-0.70174	0.0478196	0.710826	118.705	
0.70928	0.0369093	0.70396	33.6371	0.0141043	0.997685	-0.0665206	4.80805	-0.704786	0.0571106	0.707118	119.317	
0.72039	0.0365538	0.692606	34.17	0.0145003	0.997598	-0.0677325	4.78793	-0.693418	0.0588367	0.718129	119.913	
0.724361	0.0365006	0.688454	34.7774	0.0124491	0.997742	-0.0659969	4.78196	-0.689309	0.0563762	0.722271	120.434	
0.722848	0.0357592	0.690082	35.395	0.0120018	0.99786	-0.0642795	4.84643	-0.690903	0.0547465	0.720871	120.938	
0.72157	0.0338265	0.691514	35.9648	0.0129939	0.997968	-0.0623759	4.88044	-0.692219	0.0539941	0.719664	121.498	
0.723152	0.0332478	0.689888	36.5431	0.0152046	0.997832	-0.0640263	4.95934	-0.690522	0.0567902	0.721079	122.046	
0.718563	0.0340602	0.694627	37.1276	0.0125967	0.997999	-0.0619664	4.96831	-0.695348	0.0532768	0.716696	122.592	
0.711467	0.0340367	0.701895	37.7032	0.0104796	0.998201	-0.0590278	4.96736	-0.702642	0.0493518	0.70983	123.147	
0.705284	0.0356475	0.708028	38.278	0.0090001	0.998204	-0.0592224	4.95825	-0.708868	0.0481409	0.703697	123.704	
0.699821	0.0356535	0.713428	38.8694	0.0101731	0.998155	-0.0598618	4.94168	-0.714246	0.0491503	0.698167	124.242	
0.695347	0.0303871	0.718031	39.4445	0.016407	0.998174	-0.0581314	4.82781	-0.718487	0.0522022	0.693579	124.786	
0.693428	0.0319274	0.719818	40.0082	0.0183111	0.997914	-0.061902	4.88946	-0.720293	0.0561052	0.691397	125.351	
0.697948	0.0315853	0.715452	40.6566	0.0214019	0.997661	-0.0649225	4.90468	-0.715829	0.0606245	0.695639	125.819	
0.70257	0.0310378	0.710937	41.2611	0.0218643	0.997635	-0.0651613	4.91945	-0.711279	0.0613246	0.70023	126.343	
0.706843	0.031066	0.706688	41.8496	0.0215112	0.997629	-0.0653717	4.91765	-0.707043	0.0614092	0.704499	126.885	
0.712645	0.0335225	0.700723	42.4888	0.0216834	0.997328	-0.0697643	4.94223	-0.70119	0.0649112	0.710014	127.365	
0.715777	0.0352496	0.697439	43.0801	0.0185602	0.997412	-0.069459	4.91718	-0.698082	0.0626618	0.71327	127.903	
0.717163	0.0340227	0.696075	43.6987	0.0198256	0.997407	-0.0691775	4.92016	-0.696624	0.0634116	0.714629	128.411	
0.717539	0.033731	0.695701	44.2901	0.0177252	0.997619	-0.066651	4.89484	-0.696293	0.0601561	0.715232	128.949	
0.7142	0.0334249	0.699143	44.8678	0.0196299	0.99751	-0.0677421	4.94253	-0.699666	0.0621055	0.711766	129.5	
0.706039	0.0344955	0.707333	45.4694	0.01766	0.997645	-0.0662813	4.92813	-0.707953	0.0592887	0.703766	130.027	
0.698697	0.0331259	0.714651	46.1345	0.022313	0.997432	-0.0680484	5.00688	-0.71507	0.0634912	0.696164	130.465	
0.693613	0.0295252	0.719742	46.7436	0.0263638	0.99745	-0.0663241	5.01774	-0.719865	0.0649784	0.691066	130.984	
0.699767	0.0296362	0.713756	47.3601	0.027484	0.997282	-0.0683539	5.02395	-0.713843	0.0674486	0.697051	131.493	
0.708015	0.0312694	0.705505	47.9382	0.0263103	0.997158	-0.0705999	5.02134	-0.705708	0.0685478	0.705179	132.046	
0.714401	0.0351765	0.698852	48.5716	0.0209836	0.997209	-0.0716447	5.06229	-0.699422	0.0658475	0.71167	132.533	
0.718533	0.0345393	0.694635	49.1899	0.0202939	0.9973	-0.0705807	5.08883	-0.695197	0.0648114	0.715892	133.04	
0.730945	0.0330826	0.681634	49.7617	0.0217364	0.997189	-0.0717067	5.09629	-0.68209	0.0672299	0.728171	133.6	
0.742177	0.0328265	0.6694	50.317	0.0205622	0.997214	-0.0716998	5.09634	-0.669889	0.0669783	0.739434	134.176	
0.746361	0.0320749	0.664768	50.8756	0.0197314	0.997333	-0.0702743	5.08097	-0.665248	0.0655668	0.743738	134.748	
0.751136	0.0305073	0.659442	51.4301	0.0206294	0.997359	-0.0696381	5.08928	-0.659825	0.0659116	0.748523	135.325	
0.758794	0.0344756	0.650417	52.0022	0.0169431	0.997215	-0.0726239	5.09338	-0.65111	0.0661266	0.756097	135.884	
0.76208	0.0358385	0.646491	52.5931	0.0168026	0.997036	-0.075078	5.11397	-0.647265	0.0680781	0.759219	136.423	
0.760734	0.036915	0.648013	53.1683	0.0163794	0.996972	-0.0760226	5.14256	-0.648857	0.068447	0.757825	136.978	
0.755283	0.036046	0.654407	53.7433	0.0175573	0.997015	-0.0751812	5.07221	-0.655164	0.0682727	0.752396	137.53	
0.748515	0.0304407	0.662419	54.2157	0.0245344	0.996991	-0.0735387	4.97547	-0.662664	0.0712969	0.745515	138.168	
0.74434	0.0297485	0.667137	54.7611	0.0258649	0.996973	-0.0733144	5.01326	-0.667299	0.0718263	0.741318	138.752	
0.746733	0.030275	0.664435	55.3797	0.0300446	0.996408	-0.0791673	5.12751	-0.664445	0.0790795	0.743141	139.246	
0.741854	0.0345186	0.669672	55.8413	0.0299993	0.995966	-0.0845704	5.17991	-0.66989	0.0828286	0.737826	139.898	
0.737554	0.0379102	0.674224	56.3671	0.0310485	0.995463	-0.0899377	5.19539	-0.674574	0.0872675	0.733031	140.5	
0.73405	0.0316029	0.67836	56.9291	0.0397746	0.995201	-0.0894036	5.1529	-0.67793	0.0926082	0.72927	141.068	
0.730628	0.0343078	0.681913	57.4697	0.0390838	0.994998	-0.0919353	5.16485	-0.681656	0.0938223	0.725633	141.658	
0.729143	0.0348595	0.683473	58.0409	0.0382215	0.995069	-0.0915275	5.14201	-0.683293	0.0928601	0.724215	142.217	
0.724905	0.0373228	0.687837	58.605	0.0365004	0.995047	-0.0924598	5.12179	-0.687881	0.0921309	0.719952	142.784	
0.723009	0.0376656	0.689811	59.1685	0.0348925	0.995247	-0.090915	5.12299	-0.689957	0.0898016	0.718259	143.352	
0.720601	0.0380234	0.692307	59.7452	0.0352059	0.995201	-0.0913039	5.11134	-0.692456	0.0901669	0.715804	143.907	
0.714577	0.0402926	0.698396	60.2503	0.0335437	0.995218	-0.0917381	5.03715	-0.698752	0.0889807	0.709808	144.522	
0.709046	0.0396614	0.704046	60.8495	0.0359731	0.995083	-0.0922852	5.01268	-0.704244	0.0907612	0.704133	145.052	
0.704944	0.0389486	0.708192	61.4398	0.0383991	0.994931	-0.0929414	5.00887	-0.708222	0.0927125	0.699875	145.592	
0.706344	0.0375375	0.706873	62.0571	0.0436234	0.994387	-0.0963964	5.0511	-0.706523	0.0989253	0.700742	146.099	
0.712113	0.0337635	0.701253	62.6367	0.0466432	0.994361	-0.0952415	5.04079	-0.700514	0.100531	0.706522	146.65	
0.721508	0.0334107	0.6916	63.2044	0.0444327	0.994542	-0.0943998	5.02121	-0.690979	0.0988398	0.716086	147.214	
0.722639	0.0338858	0.690394	63.7938	0.0427021	0.994701	-0.0935181	4.99161	-0.689905	0.0970611	0.717363	147.754	
0.718785	0.0309982	0.694541	64.3803	0.0453876	0.994782	-0.0913701	4.91977	-0.69375	0.097199	0.713627	148.293	
0.71192	0.0190465	0.702002	64.8348	0.0552297	0.995017	-0.0830065	4.63433	-0.700085	0.0978654	0.707321	148.886	
0.704621	0.0217744	0.70925	65.4211	0.0533012	0.995081	-0.0835028	4.58899	-0.70758	0.0966416	0.699994	149.429	
0.696933	0.024092	0.716732	66.0227	0.0519697	0.995111	-0.0839835	4.57017	-0.715251	0.0957792	0.692273	149.956	
0.693744	0.0223108	0.719876	66.6352	0.0541491	0.995075	-0.0830233	4.56076	-0.718183	0.0965776	0.689119	150.47	
0.695907	0.0214488	0.717811	67.2229	0.0552623	0.99499	-0.0833072	4.58528	-0.716002	0.097642	0.691236	151.012	
0.699212	0.0195441	0.714648	67.7806	0.0573496	0.994871	-0.0833185	4.52566	-0.712611	0.0992421	0.694505	151.583	
0.702391	0.0193967	0.711527	68.3917	0.0572587	0.994849	-0.0836439	4.53181	-0.709484	0.0994918	0.697663	152.099	
0.709916	0.0168297	0.704085	68.9715	0.0584426	0.994859	-0.0827066	4.52681	-0.701857	0.0998633	0.705283	152.65	
0.716711	0.017151	0.69716	69.5797	0.0579731	0.994772	-0.0840715	4.5263	-0.694957	0.100671	0.711969	153.17	
0.722783	0.0168101	0.69087	70.1903	0.0593251	0.994504	-0.0862634	4.51445	-0.688524	0.103336	0.717814	153.687	
0.724807	0.0172677	0.688736	70.7992	0.0595582	0.994373	-0.087608	4.51318	-0.686373	0.104519	0.7197	154.206	
0.721694	0.0179318	0.69198	71.3598	0.0578656	0.994603	-0.0861243	4.51721	-0.689789	0.102197	0.716761	154.776	
0.717658	0.0185976	0.696147	71.9499	0.0583269	0.994526	-0.0866981	4.53811	-0.693949	0.102824	0.712645	155.316	
0.718459	0.0200894	0.69528	72.5136	0.0570981	0.994506	-0.0877368	4.56728	-0.693222	0.102734	0.713364	155.883	
0.717733	0.0179552	0.696086	73.094	0.0576057	0.99471	-0.0850552	4.51561	-0.693931	0.101145	0.712902	156.431	
0.714155	0.0169954	0.699782	73.6848	0.058202	0.994802	-0.0835579	4.50224	-0.697564	0.100402	0.709453	156.97	
0.711296	0.0174529	0.702676	74.2598	0.0606096	0.994445	-0.0860528	4.48772	-0.700275	0.103798	0.706287	157.526	
0.71001	0.0179891	0.703962	74.849	0.0620734	0.994183	-0.088012	4.47867	-0.701451	0.106187	0.704763	158.068	
0.712092	0.0167823	0.701886	75.4601	0.0642805	0.993957	-0.0889811	4.5148	-0.699137	0.10848	0.70671	158.583	
0.714295	0.0175386	0.699625	76.0525	0.0634378	0.993948	-0.0896849	4.54518	-0.696963	0.108444	0.70886	159.119	
0.71692	0.0170608	0.696946	76.6286	0.0641968	0.993837	-0.0903652	4.53954	-0.694193	0.109526	0.711407	159.674	
0.718297	0.0174812	0.695517	77.1934	0.061594	0.994161	-0.0885988	4.53423	-0.693005	0.10648	0.713026	160.241	
0.718779	0.0168691	0.695034	77.7806	0.0607676	0.994355	-0.0869775	4.52508	-0.692578	0.104753	0.713696	160.784	
0.711338	0.0215592	0.70252	78.2517	0.0599407	0.994027	-0.0911982	4.54229	-0.70029	0.106982	0.705797	161.431	
0.70692	0.0226006	0.706932	78.8265	0.0619157	0.993675	-0.0936824	4.52673	-0.704578	0.109996	0.701049	161.987	
0.702478	0.0216876	0.711375	79.4236	0.064035	0.993556	-0.0935246	4.53038	-0.708818	0.111252	0.696563	162.519	
0.701342	0.0207665	0.712522	80.0213	0.0667433	0.993271	-0.0946451	4.52343	-0.709693	0.113935	0.695237	163.051	
0.700229	0.0190885	0.713663	80.6315	0.0690085	0.993152	-0.0942735	4.51956	-0.710576	0.115262	0.694116	163.568	
0.695798	0.0191695	0.717981	81.2356	0.0685001	0.993316	-0.0929043	4.53082	-0.714963	0.113824	0.689834	164.093	
0.695292	0.0180288	0.718501	81.8337	0.0682602	0.99351	-0.0909846	4.51456	-0.715478	0.112306	0.689549	164.624	
0.696951	0.016006	0.71694	82.4708	0.0698487	0.993482	-0.0900811	4.49675	-0.713709	0.112859	0.69129	165.107	
0.693689	0.0175023	0.720062	83.044	0.0694877	0.993415	-0.0910892	4.47483	-0.716915	0.113223	0.687905	165.665	
0.69082	0.018864	0.722781	83.6293	0.0677288	0.993576	-0.0906654	4.45528	-0.719848	0.111587	0.685104	166.21	
0.691008	0.0179033	0.722625	84.2408	0.0705063	0.993257	-0.0920298	4.46766	-0.7194	0.114543	0.685087	166.725	
0.697622	0.0168712	0.716267	84.8157	0.0711779	0.993145	-0.0927179	4.44823	-0.712922	0.115664	0.691639	167.281	
0.705261	0.0161847	0.708763	85.4335	0.0715494	0.99301	-0.0938712	4.45552	-0.705328	0.116915	0.699173	167.79	
0.71095	0.0144661	0.703093	86.0485	0.0733359	0.992812	-0.0945824	4.47255	-0.699408	0.118805	0.704779	168.301	
0.719154	0.0129087	0.694731	86.6208	0.073698	0.992771	-0.0947354	4.47012	-0.690932	0.11933	0.713003	168.86	
0.73248	0.0114396	0.680692	87.1907	0.0734102	0.992702	-0.0956785	4.44465	-0.676819	0.120052	0.726294	169.421	
0.740346	0.0147626	0.672064	87.729	0.0681078	0.992967	-0.0968391	4.42442	-0.668767	0.117467	0.734133	170.012	
0.736199	0.0149738	0.6766	88.3098	0.0693908	0.992816	-0.0974752	4.43502	-0.673199	0.118711	0.729871	170.562	
0.72626	0.019554	0.687142	88.8069	0.0690407	0.992466	-0.101214	4.54248	-0.683944	0.120948	0.719439	171.18	
0.718624	0.0215521	0.695065	89.3534	0.0702223	0.992161	-0.103367	4.54911	-0.691844	0.123091	0.711477	171.764	
0.710349	0.0188145	0.703598	89.9073	0.0764756	0.991661	-0.103727	4.46469	-0.699682	0.12749	0.702987	172.335	
0.701273	0.0191295	0.712637	90.4923	0.0768801	0.991781	-0.102277	4.45569	-0.708736	0.126512	0.694038	172.881	
0.697551	0.0174921	0.716321	91.0672	0.0789462	0.99174	-0.101095	4.42198	-0.712172	0.12707	0.690408	173.436	
0.699527	0.0155091	0.714438	91.6719	0.08171	0.991471	-0.101528	4.40277	-0.709919	0.129398	0.692294	173.959	
0.702703	0.0147542	0.71133	92.2769	0.08182	0.991476	-0.101393	4.38956	-0.706763	0.12945	0.695506	174.483	
0.705816	0.0148321	0.70824	92.9393	0.0824741	0.991261	-0.102951	4.46834	-0.703578	0.131076	0.698424	174.924	
0.706789	0.0161615	0.70724	93.5434	0.081611	0.991201	-0.104209	4.51534	-0.702702	0.131373	0.699251	175.447	
0.703203	0.0136084	0.710859	94.1238	0.0827591	0.991454	-0.100848	4.4816	-0.706157	0.129746	0.696067	175.996	
0.69838	0.0158806	0.715551	94.7408	0.0794989	0.991846	-0.0996038	4.46131	-0.711298	0.126447	0.691423	176.505	
0.696754	0.0119479	0.717211	95.3915	0.0813926	0.992087	-0.0955981	4.44236	-0.712677	0.124984	0.690268	176.97	
0.696721	0.0104818	0.717266	95.9508	0.0838696	0.991845	-0.0959616	4.47438	-0.712423	0.127015	0.69016	177.541	
0.704617	0.00867013	0.709535	96.4996	0.0855033	0.991602	-0.0970276	4.42804	-0.704417	0.129035	0.697959	178.121	
0.712339	0.00813776	0.701788	97.0639	0.0842401	0.991712	-0.0970062	4.39745	-0.696761	0.12822	0.70575	178.688	
0.720821	0.00767519	0.693078	97.6402	0.0830353	0.991781	-0.0973421	4.36896	-0.688129	0.127716	0.71426	179.242	
0.726637	0.00367658	0.687011	98.1776	0.0898994	0.990879	-0.100387	4.3565	-0.681114	0.134707	0.719679	179.834	
0.730641	0.00388084	0.682751	98.7551	0.0898399	0.990743	-0.101773	4.32982	-0.676825	0.135698	0.723528	180.387	
0.732644	0.00441452	0.680598	99.2727	0.0905708	0.990453	-0.103921	4.28129	-0.674559	0.13778	0.72525	180.995	
0.728021	0.00560932	0.685532	99.8087	0.0896047	0.99061	-0.103264	4.24496	-0.679674	0.136605	0.720682	181.588	
0.712666	0.00857131	0.701451	100.367	0.0904029	0.990465	-0.103951	4.27493	-0.695654	0.137496	0.705096	182.16	
0.698302	0.00723198	0.715767	100.972	0.0941739	0.990329	-0.101882	4.2414	-0.709582	0.138551	0.690867	182.682	
0.687612	0.00609424	0.726053	101.561	0.0973646	0.990159	-0.100521	4.21902	-0.719521	0.139811	0.680252	183.224	
0.680568	0.00528137	0.732666	102.19	0.100087	0.98993	-0.100105	4.19504	-0.725817	0.141459	0.673186	183.717	
0.676523	0.00495532	0.736404	102.816	0.102682	0.989574	-0.100992	4.20341	-0.729227	0.143939	0.668961	184.216	
0.674172	0.00543713	0.738555	103.406	0.102716	0.989565	-0.101047	4.18838	-0.731397	0.143984	0.666578	184.755	
0.67231	0.00601549	0.740245	103.967	0.103227	0.989435	-0.101794	4.1941	-0.733037	0.144851	0.664586	185.326	
0.676416	0.00574586	0.736497	104.589	0.102697	0.989465	-0.102039	4.17927	-0.729324	0.144656	0.668701	185.829	
0.680425	0.00576372	0.732795	105.209	0.102261	0.989438	-0.102735	4.16298	-0.725647	0.14484	0.672649	186.334	
0.682497	0.00403596	0.730877	105.826	0.105616	0.988945	-0.104085	4.16402	-0.723217	0.14823	0.674525	186.843	
0.686485	0.00444703	0.72713	106.438	0.105436	0.988804	-0.10559	4.13038	-0.719459	0.149152	0.67833	187.357	
0.690741	0.00534762	0.723083	107.038	0.104279	0.988783	-0.106928	4.11196	-0.715544	0.149262	0.682435	187.886	
0.689763	0.00723569	0.723999	107.632	0.101333	0.989144	-0.106426	4.05558	-0.716909	0.146774	0.681542	188.419	
0.690787	0.00816821	0.723012	108.226	0.10237	0.988759	-0.108978	4.05409	-0.715775	0.149296	0.682186	188.955	
0.694633	0.00782875	0.719322	108.855	0.105513	0.988017	-0.112645	4.04009	-0.711584	0.154145	0.685483	189.449	
0.702492	0.0103794	0.711616	109.448	0.103935	0.987677	-0.117009	3.98123	-0.704061	0.15616	0.692757	189.982	
0.710113	0.0126938	0.703973	110.022	0.102946	0.987221	-0.121645	3.91974	-0.696521	0.158853	0.699732	190.537	
0.71198	0.0142933	0.702054	110.598	0.103286	0.986787	-0.124836	3.88376	-0.694562	0.161393	0.701096	191.09	
0.713486	0.0153112	0.700503	111.213	0.105673	0.985974	-0.129183	3.95549	-0.692655	0.166195	0.70186	191.597	
0.709711	0.0158834	0.704314	111.789	0.105648	0.986041	-0.128694	3.90349	-0.696527	0.165745	0.698125	192.15	
0.70152	0.0164156	0.712461	112.373	0.106763	0.986031	-0.127842	3.87318	-0.704607	0.165748	0.689968	192.695	
0.690697	0.0141868	0.723005	112.962	0.108903	0.986365	-0.123391	3.83387	-0.714897	0.163963	0.679734	193.236	
0.679048	0.0121281	0.733994	113.57	0.110078	0.986876	-0.118145	3.8119	-0.725794	0.161023	0.668801	193.755	
0.673187	0.00822324	0.739426	114.172	0.1126	0.987138	-0.113492	3.80442	-0.730849	0.159661	0.663602	194.282	
0.667967	0.0069755	0.744158	114.779	0.112507	0.987516	-0.110245	3.79018	-0.735637	0.157363	0.658843	194.803	
0.666046	0.00895667	0.745857	115.378	0.111863	0.98742	-0.11175	3.78521	-0.737475	0.157864	0.656666	195.333	
0.664548	0.0104243	0.747173	116.011	0.111114	0.987408	-0.112602	3.77192	-0.738939	0.157851	0.655021	195.822	
0.665523	0.0099528	0.746311	116.656	0.112083	0.98724	-0.113115	3.76012	-0.737914	0.158929	0.655915	196.296	
0.667976	0.00713151	0.744148	117.293	0.112774	0.987436	-0.110693	3.67292	-0.735588	0.157861	0.658779	196.772	
0.670583	0.00552539	0.741814	117.911	0.113976	0.987332	-0.110385	3.65474	-0.733027	0.158571	0.661458	197.279	
0.677878	0.00483766	0.735158	118.518	0.1135	0.987301	-0.111154	3.64316	-0.72636	0.158789	0.668721	197.8	
0.688439	0.00242753	0.72529	119.113	0.114354	0.987124	-0.111848	3.60422	-0.716222	0.15994	0.679297	198.334	
0.698627	0.00177693	0.715484	119.713	0.112408	0.987306	-0.112212	3.57999	-0.706601	0.158821	0.689559	198.862	
0.70471	0.00435669	0.709483	120.392	0.109793	0.987266	-0.115117	3.66047	-0.700949	0.159021	0.695257	199.277	
0.707785	0.00427563	0.706415	121.076	0.109285	0.98728	-0.115473	3.66331	-0.697923	0.158931	0.698315	199.692	
0.706265	0.00472752	0.707932	121.617	0.10964	0.987182	-0.115974	3.62283	-0.699406	0.159526	0.696694	200.28	
0.707897	0.00387487	0.706305	122.236	0.112503	0.9866	-0.118169	3.63657	-0.697299	0.163112	0.697975	200.787	
0.710502	0.00376044	0.703685	122.84	0.11574	0.985743	-0.122129	3.70609	-0.694111	0.168217	0.699937	201.307	
0.714304	0.00577316	0.699811	123.445	0.114356	0.985563	-0.124854	3.73874	-0.690429	0.169211	0.703332	201.83	
0.723939	0.00538458	0.689843	124.044	0.11401	0.985285	-0.127336	3.68628	-0.680378	0.170833	0.712673	202.357	
0.732479	0.00757594	0.680747	124.574	0.112467	0.984852	-0.131974	3.71929	-0.671435	0.173229	0.720532	202.955	
0.74479	0.00681722	0.667264	125.129	0.113909	0.983972	-0.137197	3.66899	-0.657504	0.17819	0.732077	203.529	
0.748118	0.00775197	0.66352	125.691	0.113357	0.98374	-0.139303	3.61698	-0.653811	0.17943	0.735075	204.096	
0.74335	0.0100004	0.668828	126.195	0.112682	0.983727	-0.139946	3.55304	-0.659343	0.179394	0.730127	204.714	
0.739136	0.0109751	0.673467	126.748	0.113117	0.983644	-0.140177	3.49257	-0.66399	0.179791	0.725805	205.289	
0.740811	0.0275939	0.671147	127.261	0.10982	0.980737	-0.161541	3.96212	-0.662676	0.193377	0.72351	205.684	
0.740813	0.0261276	0.671203	127.862	0.110057	0.981018	-0.159659	3.87689	-0.662634	0.192148	0.723875	206.206	
0.741135	0.0248233	0.670897	128.421	0.110731	0.98111	-0.158625	3.80769	-0.662162	0.191852	0.724386	206.773	
0.742241	0.0231771	0.669732	129.02	0.111395	0.98123	-0.157412	3.74241	-0.660809	0.191442	0.725728	207.3	
0.740357	0.0226059	0.671833	129.593	0.110742	0.981677	-0.155069	3.66262	-0.663029	0.189207	0.724288	207.853	
0.736582	0.0206777	0.676032	130.129	0.110873	0.982319	-0.15085	3.53072	-0.667199	0.186067	0.721266	208.431	
0.734119	0.0289723	0.678402	130.647	0.109186	0.981052	-0.160051	3.64317	-0.670184	0.191568	0.717046	209.031	
0.729728	0.0296025	0.683096	131.202	0.110305	0.980879	-0.160342	3.54415	-0.674781	0.192355	0.71251	209.598	
0.720887	0.0233539	0.692659	131.687	0.118838	0.980464	-0.156739	3.35139	-0.682788	0.195306	0.704029	210.204	
0.712272	0.023571	0.701508	132.309	0.121391	0.980239	-0.15619	3.32638	-0.691327	0.196406	0.695336	210.707	
0.705271	0.0233431	0.708554	132.91	0.123052	0.980256	-0.154776	3.26021	-0.698177	0.196348	0.688474	211.231	
0.705326	0.0235788	0.708491	133.484	0.121103	0.980746	-0.153201	3.14569	-0.698462	0.193857	0.688891	211.776	
0.70686	0.0234175	0.706966	134.092	0.11888	0.981303	-0.151367	3.0705	-0.697293	0.19104	0.69086	212.291	
0.705485	0.0224064	0.708371	134.692	0.121907	0.980766	-0.152433	3.03384	-0.698162	0.193895	0.689184	212.818	
0.710746	0.0224704	0.70309	135.275	0.123207	0.980063	-0.155871	2.92835	-0.692575	0.19741	0.693808	213.356	
0.720966	0.0198434	0.692686	135.876	0.126848	0.978921	-0.16007	2.873	-0.681262	0.203271	0.703252	213.882	
0.726776	0.0199048	0.686586	136.451	0.126762	0.978524	-0.16255	2.79494	-0.675076	0.20517	0.708645	214.433	
0.734874	0.0174273	0.67798	137.019	0.127656	0.978247	-0.163514	2.71662	-0.666081	0.20671	0.716664	214.99	
0.737335	0.0177095	0.675295	137.59	0.125703	0.9786	-0.162915	2.61828	-0.663729	0.205009	0.71933	215.542	
0.733664	0.0228186	0.679129	138.157	0.120364	0.979268	-0.162933	2.55888	-0.668767	0.201281	0.715707	216.103	
0.726072	0.0246069	0.687178	138.715	0.119765	0.979559	-0.16162	2.51043	-0.677108	0.199648	0.708283	216.674	
0.717589	0.0242112	0.696046	139.298	0.121408	0.979746	-0.159245	2.43868	-0.685803	0.198777	0.700115	217.217	
0.711521	0.0252904	0.70221	139.89	0.121016	0.980009	-0.157916	2.38224	-0.692166	0.19734	0.694236	217.752	
0.704032	0.0262756	0.709682	140.484	0.121201	0.980209	-0.156527	2.33058	-0.69975	0.196214	0.686913	218.285	
0.703558	0.0254225	0.710183	141.069	0.12566	0.979161	-0.159539	2.2904	-0.69944	0.201486	0.685702	218.83	
0.709795	0.0225568	0.704047	141.653	0.128312	0.978625	-0.160714	2.21988	-0.692623	0.204412	0.691729	219.372	
0.716573	0.0239894	0.6971	142.264	0.126211	0.978452	-0.163408	2.15525	-0.685999	0.205076	0.698104	219.884	
0.720704	0.0237614	0.692835	142.879	0.124373	0.978765	-0.162944	2.04828	-0.681994	0.203604	0.702445	220.384	
0.72632	0.0233118	0.686961	143.439	0.125602	0.978096	-0.16599	2.00459	-0.675784	0.206845	0.707482	220.955	
0.736974	0.0254494	0.675442	144.005	0.121151	0.978135	-0.169042	1.96151	-0.664975	0.20641	0.717777	221.518	
0.732968	0.0302201	0.679591	144.544	0.110799	0.980369	-0.163096	1.81874	-0.671179	0.194842	0.715231	222.091	
0.714298	0.0300025	0.699199	145.123	0.114175	0.980699	-0.158722	1.74186	-0.690466	0.193206	0.697086	222.639	
0.699797	0.0287965	0.713761	145.71	0.115241	0.981548	-0.152587	1.68155	-0.704984	0.189035	0.683566	223.179	
0.691393	0.0295604	0.721874	146.327	0.115778	0.981716	-0.15109	1.61054	-0.713142	0.18804	0.675329	223.683	
0.684266	0.0251763	0.728798	146.961	0.12625	0.980222	-0.152398	1.59858	-0.718221	0.196292	0.667554	224.17	
0.677571	0.0240275	0.735064	147.557	0.1292	0.980034	-0.15113	1.52347	-0.724019	0.197372	0.660939	224.699	
0.678754	0.0245607	0.733955	148.173	0.132323	0.978992	-0.155132	1.53283	-0.722346	0.202416	0.661244	225.21	
0.687373	0.0238752	0.725912	148.814	0.133338	0.978325	-0.158436	1.52668	-0.71396	0.205696	0.669291	225.688	
0.703401	0.0265265	0.710298	149.48	0.131376	0.977234	-0.166596	1.51203	-0.698546	0.2105	0.683903	226.13	
0.712334	0.0308083	0.701164	150.073	0.125394	0.977375	-0.170336	1.44787	-0.690548	0.209258	0.692354	226.664	
0.715926	0.0283104	0.697602	150.627	0.127233	0.977156	-0.17023	1.34204	-0.686485	0.21063	0.695969	227.231	
0.718433	0.0238891	0.695186	151.218	0.133313	0.976155	-0.171315	1.26916	-0.682702	0.215756	0.698117	227.765	
0.717998	0.0231593	0.695659	151.827	0.131246	0.977013	-0.167986	1.1515	-0.683559	0.211916	0.698454	228.27	
0.715712	0.0240531	0.697981	152.412	0.129338	0.977554	-0.166311	1.06653	-0.686315	0.209306	0.696536	228.81	
0.716374	0.0234337	0.697323	153.029	0.130868	0.977185	-0.167282	1.03608	-0.685334	0.211094	0.696963	229.318	
0.71851	0.0230519	0.695135	153.639	0.131658	0.976873	-0.16848	0.969349	-0.682942	0.212574	0.698858	229.83	
0.722179	0.0195319	0.691431	154.176	0.135011	0.976395	-0.168597	0.8303	-0.678402	0.215108	0.702495	230.407	
0.723452	0.0204179	0.690073	154.723	0.131979	0.977037	-0.167271	0.726011	-0.677642	0.212088	0.704145	230.981	
0.72184	0.0220561	0.691708	155.318	0.128102	0.977962	-0.164866	0.653538	-0.6801	0.207616	0.703107	231.512	
0.713725	0.0212291	0.700104	155.935	0.131314	0.977762	-0.163518	0.597307	-0.688006	0.20864	0.695066	232.018	
0.705995	0.0212648	0.707897	156.517	0.132176	0.978031	-0.1612	0.524444	-0.695773	0.207373	0.687674	232.562	
0.701545	0.0203437	0.712335	157.111	0.133611	0.978111	-0.159521	0.461315	-0.699988	0.207086	0.683471	233.094	
0.699865	0.0206554	0.713976	157.726	0.134053	0.978022	-0.159698	0.443453	-0.701583	0.207478	0.681714	233.606	
0.696187	0.0208293	0.717558	158.271	0.134101	0.978209	-0.158503	0.342618	-0.705224	0.206573	0.678224	234.182	
0.703133	0.0246269	0.710632	158.992	0.134623	0.976714	-0.16705	0.474693	-0.698198	0.213126	0.683444	234.502	
0.705306	0.0260477	0.708425	159.581	0.134599	0.976226	-0.1699	0.401601	-0.696008	0.215185	0.685032	235.039	
0.708091	0.0259883	0.705643	160.154	0.134844	0.975955	-0.171255	0.289802	-0.693127	0.216416	0.687561	235.585	
0.709151	0.0255001	0.704595	160.772	0.13914	0.974631	-0.175313	0.23261	-0.691191	0.222361	0.687613	236.091	
0.711275	0.0305636	0.702249	161.441	0.136149	0.974144	-0.180297	0.263063	-0.689602	0.223851	0.688723	236.528	
0.699084	0.0489188	0.713364	161.749	0.134828	0.970742	-0.198698	0.538881	-0.702213	0.235088	0.672035	237.213	
0.701752	0.0506075	0.710622	162.319	0.133528	0.970453	-0.200973	0.455114	-0.699796	0.235921	0.67426	237.769	
0.697726	0.0550943	0.714243	162.824	0.130266	0.970657	-0.202127	0.43654	-0.704421	0.234071	0.670076	238.389	
0.699886	0.054246	0.712191	163.461	0.138662	0.967822	-0.209983	0.518894	-0.700665	0.245718	0.669844	238.866	
0.712067	0.0564372	0.699839	164.227	0.138579	0.965859	-0.21889	0.644868	-0.688299	0.252847	0.679936	239.058	
0.712347	0.0558433	0.699603	164.835	0.139516	0.965667	-0.219139	0.547429	-0.687821	0.253708	0.680099	239.569	
0.707204	0.0633308	0.704168	165.315	0.137146	0.964774	-0.224506	0.565392	-0.69358	0.255345	0.673606	240.208	
0.709174	0.0598636	0.702488	165.906	0.140937	0.96424	-0.224448	0.426738	-0.690803	0.258179	0.675377	240.729	
0.689656	0.0814324	0.719544	166.023	0.140247	0.959822	-0.243047	0.623381	-0.710426	0.268533	0.650527	241.496	
0.694936	0.0804043	0.714562	166.606	0.14211	0.958772	-0.24609	0.488589	-0.704889	0.272563	0.65486	242.027	
0.698724	0.0804549	0.710853	167.195	0.141748	0.958385	-0.247801	0.362611	-0.701207	0.273906	0.658243	242.553	
0.701116	0.0808636	0.708448	167.784	0.14351	0.957216	-0.251283	0.280691	-0.698457	0.277848	0.659514	243.089	
0.701329	0.0802659	0.708304	168.373	0.142079	0.957963	-0.249238	0.137925	-0.698535	0.275433	0.660443	243.611	
0.698592	0.0811552	0.710903	168.976	0.141643	0.9582	-0.248577	-0.0358374	-0.70136	0.274349	0.657896	244.107	
0.694676	0.0818393	0.714652	169.551	0.142219	0.958269	-0.247981	-0.172965	-0.705123	0.273904	0.654047	244.646	
0.692743	0.0824717	0.716453	170.173	0.141336	0.95865	-0.24701	-0.298215	-0.707199	0.272375	0.652442	245.134	
0.691154	0.0841946	0.717786	170.796	0.140585	0.958555	-0.247805	-0.408008	-0.708902	0.272181	0.650673	245.624	
0.686271	0.0855826	0.722294	171.408	0.142202	0.958102	-0.248633	-0.54189	-0.71331	0.273341	0.645348	246.121	
0.681064	0.0867888	0.727063	172.036	0.14431	0.957566	-0.249483	-0.671068	-0.717863	0.274836	0.639639	246.6	
0.684068	0.0862882	0.724297	172.677	0.147323	0.95617	-0.253053	-0.789064	-0.714386	0.279811	0.641372	247.063	
0.692625	0.0859696	0.716156	173.301	0.144749	0.956108	-0.254767	-0.910227	-0.706625	0.280121	0.64978	247.549	
0.697979	0.0851948	0.711033	173.902	0.141017	0.957106	-0.253106	-1.12146	-0.702097	0.27693	0.656025	248.032	
0.705997	0.08441	0.703167	174.511	0.137468	0.957655	-0.252981	-1.25148	-0.694745	0.275266	0.664498	248.535	
0.70961	0.0841666	0.699549	175.104	0.135602	0.957966	-0.25281	-1.40831	-0.691423	0.274257	0.66837	249.049	
0.711687	0.0853404	0.697293	175.687	0.133838	0.957942	-0.253841	-1.54452	-0.689629	0.27398	0.670333	249.579	
0.706882	0.0853087	0.702168	176.276	0.134823	0.95825	-0.252149	-1.68595	-0.694363	0.272908	0.665869	250.102	
0.701705	0.0840286	0.707495	176.855	0.141416	0.956836	-0.253902	-1.79978	-0.698292	0.278215	0.659534	250.642	
0.700613	0.0811257	0.708914	177.47	0.144161	0.956934	-0.251981	-1.93028	-0.698827	0.278739	0.658746	251.137	
0.700411	0.0788744	0.709368	178.048	0.150399	0.955249	-0.254713	-2.02178	-0.697714	0.285092	0.657204	251.682	
0.704622	0.0777152	0.705314	178.609	0.149518	0.955406	-0.254643	-2.16636	-0.693651	0.284885	0.661581	252.234	
0.707086	0.0766806	0.702957	179.215	0.148681	0.955758	-0.253811	-2.31899	-0.69132	0.283982	0.664403	252.733	
0.702931	0.0767825	0.707101	179.791	0.149193	0.956122	-0.252136	-2.46536	-0.695435	0.282729	0.660632	253.269	
0.698687	0.0764269	0.711334	180.41	0.149714	0.956644	-0.249836	-2.60617	-0.699587	0.281054	0.656952	253.756	
0.692586	0.0761169	0.717308	181.024	0.151619	0.95684	-0.247928	-2.75065	-0.705221	0.280469	0.651154	254.248	
0.687202	0.0760516	0.722474	181.623	0.153735	0.956757	-0.246943	-2.88475	-0.710013	0.28077	0.645794	254.761	
0.682712	0.0747745	0.726851	182.205	0.156066	0.956873	-0.245027	-3.06037	-0.713826	0.28072	0.641599	255.281	
0.684889	0.0740493	0.724875	182.821	0.159169	0.955593	-0.248007	-3.16532	-0.71105	0.285236	0.642689	255.78	
0.68943	0.0757609	0.720379	183.438	0.156436	0.955472	-0.250201	-3.29067	-0.707258	0.28519	0.64688	256.273	
0.692698	0.0745127	0.717368	184.054	0.154569	0.956201	-0.248574	-3.44277	-0.70447	0.283069	0.650841	256.761	
0.690248	0.0763728	0.719531	184.664	0.153869	0.956177	-0.249098	-3.57183	-0.707024	0.282653	0.648247	257.262	
0.686889	0.0766643	0.722707	185.262	0.152173	0.957206	-0.24617	-3.7181	-0.710653	0.279068	0.645828	257.774	
0.689501	0.0746839	0.720424	185.887	0.152987	0.95721	-0.24565	-3.83909	-0.707944	0.279591	0.648571	258.258	
0.690581	0.0745299	0.719405	186.492	0.150892	0.957942	-0.244089	-3.97425	-0.707339	0.277115	0.650291	258.764	
0.684782	0.0748287	0.724896	186.979	0.152859	0.957837	-0.243274	-4.15409	-0.712537	0.277396	0.644471	259.372	
0.68447	0.075012	0.725172	187.581	0.154581	0.957143	-0.244912	-4.28069	-0.712464	0.279732	0.643541	259.883	
0.685967	0.074349	0.723824	188.175	0.156031	0.956596	-0.246129	-4.39352	-0.710706	0.281775	0.644592	260.407	
0.688633	0.0742344	0.7213	188.773	0.155762	0.95638	-0.247136	-4.53886	-0.708183	0.282538	0.647031	260.919	
0.692595	0.0742778	0.717492	189.411	0.155454	0.95594	-0.249023	-4.66011	-0.704376	0.284009	0.650533	261.386	
0.695024	0.0721848	0.715354	190.037	0.157233	0.955605	-0.249193	-4.7756	-0.701583	0.285672	0.652819	261.87	
0.691068	0.072259	0.719169	190.628	0.157994	0.955826	-0.247858	-4.91256	-0.70531	0.284912	0.649125	262.392	
0.687251	0.0719575	0.722847	191.195	0.156426	0.957077	-0.243998	-5.07409	-0.709377	0.28076	0.646496	262.932	
0.684717	0.0732676	0.725117	191.793	0.156625	0.956894	-0.244585	-5.20035	-0.711781	0.281043	0.643726	263.449	
0.685267	0.0736501	0.724558	192.394	0.155003	0.957331	-0.243909	-5.34408	-0.711606	0.279451	0.644612	263.957	
0.689213	0.0713086	0.721041	193.027	0.157264	0.9567	-0.244936	-5.45626	-0.707286	0.282207	0.648156	264.433	
0.693352	0.0709534	0.717097	193.641	0.157	0.95636	-0.246429	-5.57249	-0.703288	0.283446	0.651954	264.932	
0.693802	0.0711376	0.716644	194.236	0.156095	0.956598	-0.246077	-5.70585	-0.703046	0.282593	0.652585	265.45	
0.693042	0.0692844	0.71756	194.81	0.157306	0.95685	-0.244321	-5.86645	-0.703525	0.282201	0.652238	265.984	
0.69419	0.0667283	0.716692	195.422	0.160275	0.956366	-0.244287	-5.9864	-0.70172	0.284449	0.653205	266.484	
0.697843	0.0635283	0.713428	196.028	0.164916	0.955045	-0.246357	-6.04647	-0.697006	0.289575	0.655995	267.003	
0.701796	0.0612631	0.709739	196.622	0.168276	0.953844	-0.248727	-6.14837	-0.692218	0.293988	0.659095	267.53	
0.704935	0.0620281	0.706554	197.222	0.165756	0.954176	-0.249143	-6.29305	-0.689631	0.292745	0.662351	268.038	
0.707857	0.0604408	0.703765	197.811	0.167131	0.95371	-0.25001	-6.42278	-0.686298	0.294592	0.664989	268.565	
0.712425	0.061899	0.699013	198.429	0.166196	0.952881	-0.253764	-6.51987	-0.681784	0.296961	0.668569	269.063	
0.720523	0.0603324	0.690801	199.126	0.162069	0.953965	-0.252358	-6.83945	-0.674226	0.293787	0.677576	269.292	
0.722989	0.0623916	0.688036	199.734	0.158643	0.954307	-0.253239	-6.99648	-0.672398	0.292241	0.680056	269.787	
0.719731	0.0647371	0.691228	200.267	0.157339	0.954527	-0.253223	-7.16238	-0.676189	0.29101	0.676817	270.36	
0.714536	0.0650971	0.696564	200.861	0.157503	0.955132	-0.250828	-7.31091	-0.681639	0.288937	0.672223	270.875	
0.717191	0.0747047	0.692861	201.503	0.157539	0.951119	-0.265621	-7.05086	-0.678836	0.299654	0.670365	271.276	
0.72373	0.0527009	0.688068	202.059	0.166851	0.954133	-0.248578	-7.61349	-0.669609	0.294709	0.681741	271.397	
0.726778	0.0524434	0.684867	202.644	0.16456	0.954749	-0.247739	-7.77294	-0.666869	0.292753	0.68526	271.919	
0.732629	0.0588299	0.678081	203.309	0.162252	0.95244	-0.257938	-7.59614	-0.661006	0.298992	0.688241	272.327	
0.737748	0.0670285	0.67174	203.988	0.159665	0.949502	-0.270099	-7.40773	-0.655923	0.306518	0.689791	272.705	
0.733666	0.0689314	0.676004	204.499	0.161375	0.948704	-0.271878	-7.54772	-0.660069	0.308558	0.684909	273.304	
0.729084	0.0715435	0.680675	205.125	0.162058	0.948195	-0.273245	-7.62884	-0.664962	0.309527	0.679719	273.796	
0.723474	0.0727513	0.686508	205.733	0.162325	0.948624	-0.271594	-7.75433	-0.670996	0.307929	0.674495	274.3	
0.717951	0.071248	0.692437	206.31	0.164288	0.949302	-0.268019	-7.94754	-0.676428	0.306184	0.669848	274.821	
0.720453	0.080233	0.688847	206.969	0.166264	0.944334	-0.283883	-7.64728	-0.673279	0.319055	0.667008	275.159	
0.725288	0.0887217	0.682705	207.664	0.163754	0.940967	-0.296253	-7.50436	-0.668687	0.326665	0.667943	275.529	
0.727643	0.089098	0.680144	208.295	0.16364	0.940355	-0.298254	-7.64329	-0.666151	0.328321	0.669663	276.001	
0.730932	0.0881113	0.676738	208.926	0.163207	0.940288	-0.298702	-7.80783	-0.662647	0.328779	0.672906	276.465	
0.731663	0.0878252	0.675985	209.517	0.163171	0.940271	-0.298772	-7.97545	-0.661849	0.328902	0.673632	276.977	
0.725865	0.0911151	0.681776	210.059	0.16251	0.940409	-0.298699	-8.17614	-0.668365	0.32761	0.667803	277.53	
0.717239	0.0934209	0.690537	210.7	0.165854	0.939607	-0.299384	-8.28059	-0.676802	0.329258	0.658429	277.997	
0.694963	0.103343	0.71158	211.353	0.172247	0.936878	-0.304288	-8.31914	-0.69811	0.334036	0.633295	278.459	
0.673283	0.101222	0.732424	212.151	0.185236	0.935903	-0.299621	-8.34301	-0.715806	0.337401	0.611378	278.505	
0.575049	0.105621	0.811273	212.794	0.212789	0.938193	-0.272975	-8.49005	-0.789962	0.329604	0.517031	278.958	
0.422111	0.113229	0.899445	213.354	0.240061	0.942788	-0.231346	-8.64669	-0.874181	0.313575	0.37078	279.507	
0.301387	0.115457	0.946486	213.983	0.256577	0.946208	-0.197124	-8.7955	-0.918332	0.302257	0.255551	279.978	
0.183371	0.116844	0.976075	214.503	0.265953	0.949988	-0.163684	-8.96821	-0.946385	0.289605	0.143125	280.561	
0.0976189	0.118759	0.988113	215.299	0.275762	0.950752	-0.141512	-8.96422	-0.956256	0.286298	0.0600622	280.647	
-0.000133106	0.117484	0.993075	216.061	0.281893	0.952806	-0.112683	-9.06538	-0.959446	0.279926	-0.0332449	280.866	
-0.059623	0.115308	0.991539	216.861	0.282448	0.954662	-0.0940356	-9.09717	-0.957428	0.274452	-0.0894885	280.881	
-0.104177	0.115069	0.98788	217.66	0.284646	0.955184	-0.0812432	-9.07295	-0.952955	0.272732	-0.132262	280.867	
-0.128292	0.116058	0.984922	218.452	0.287272	0.9549	-0.0751013	-9.02249	-0.949219	0.273306	-0.155847	280.762	
-0.154655	0.114685	0.981289	219.229	0.286877	0.955658	-0.0664766	-8.99002	-0.945401	0.271228	-0.180698	280.576	
-0.195039	0.114567	0.974081	220.012	0.289937	0.955503	-0.0543281	-8.97898	-0.936961	0.271826	-0.219577	280.414	
-0.226854	0.113276	0.967319	220.792	0.288761	0.956377	-0.0442752	-8.9421	-0.930137	0.26928	-0.249668	280.239	
-0.253291	0.114138	0.960633	221.546	0.291132	0.955974	-0.0368217	-8.88665	-0.922543	0.270345	-0.275369	279.977	
-0.278796	0.113102	0.953667	222.312	0.288481	0.957041	-0.0291676	-8.85566	-0.915998	0.266983	-0.299447	279.748	
-0.301401	0.11331	0.946741	223.07	0.288335	0.957259	-0.0227757	-8.79656	-0.908857	0.266114	-0.32119	279.5	
-0.333393	0.113168	0.935971	223.805	0.286691	0.957925	-0.0137031	-8.75927	-0.898141	0.263766	-0.35181	279.186	
-0.364371	0.111602	0.924543	224.525	0.2838	0.958876	-0.00389812	-8.73146	-0.886956	0.260965	-0.381059	278.838	
-0.39805	0.111067	0.910615	225.236	0.284289	0.95871	0.00733598	-8.66229	-0.872202	0.261798	-0.41319	278.478	
-0.432061	0.111459	0.89493	225.931	0.283801	0.958722	0.0176111	-8.59883	-0.856026	0.261591	-0.445859	278.088	
-0.471001	0.108204	0.875471	226.64	0.27685	0.960437	0.0302386	-8.5047	-0.837563	0.256617	-0.482323	277.729	
-0.496536	0.104911	0.861653	227.32	0.27199	0.961482	0.0396712	-8.36701	-0.824302	0.254059	-0.505945	277.33	
-0.518821	0.099411	0.849083	227.842	0.264773	0.963063	0.0490303	-8.26035	-0.812847	0.250253	-0.525979	276.734	
-0.537908	0.0960408	0.837515	228.485	0.261181	0.963591	0.0572494	-8.13401	-0.801523	0.249538	-0.543407	276.275	
-0.552655	0.0942865	0.82806	229.117	0.260552	0.963323	0.0642064	-8.00268	-0.791635	0.251236	-0.556951	275.801	
-0.560334	0.0926145	0.823072	229.767	0.261345	0.962734	0.0695901	-7.8727	-0.785954	0.2541	-0.563657	275.354	
-0.554863	0.0921991	0.826817	230.441	0.263199	0.962247	0.0693272	-7.75253	-0.789211	0.256085	-0.558182	274.94	
-0.540004	0.090064	0.83683	231.085	0.263137	0.962483	0.0662144	-7.63519	-0.799471	0.255957	-0.543444	274.48	
-0.530202	0.0898885	0.843093	231.714	0.265439	0.961977	0.0643646	-7.53255	-0.80525	0.257916	-0.533902	273.997	
-0.514678	0.0920687	0.852426	232.363	0.269641	0.961152	0.0589919	-7.44686	-0.81388	0.260211	-0.51951	273.536	
-0.482124	0.095124	0.870924	233.042	0.275343	0.960169	0.0475518	-7.35657	-0.831711	0.262728	-0.489112	273.124	
-0.462989	0.0947692	0.881283	233.783	0.273819	0.960927	0.0405192	-7.26394	-0.843009	0.260072	-0.470849	272.836	
-0.439857	0.0977742	0.892729	234.469	0.275419	0.960841	0.0304678	-7.09292	-0.854792	0.259276	-0.449562	272.463	
-0.425556	0.0996255	0.899431	235.224	0.275919	0.960878	0.0241164	-7.02054	-0.861841	0.258433	-0.436397	272.207	
-0.431591	0.101887	0.896297	236.022	0.275075	0.961143	0.0231973	-6.95677	-0.859106	0.256561	-0.442847	272.206	
-0.42558	0.103416	0.898992	236.65	0.278162	0.9603	0.0212127	-6.89253	-0.861108	0.259093	-0.437451	271.714	
-0.407475	0.104514	0.907216	237.366	0.279083	0.960154	0.0147378	-6.82452	-0.869526	0.259194	-0.420407	271.365	
-0.389906	0.10673	0.914649	238.101	0.279866	0.960011	0.00728132	-6.72592	-0.877296	0.258818	-0.404184	271.065	
-0.374409	0.108316	0.920916	238.837	0.281686	0.959505	0.00166841	-6.68064	-0.883442	0.260034	-0.389759	270.755	
-0.355636	0.111086	0.928	239.55	0.284101	0.958776	-0.00589507	-6.53348	-0.890399	0.261549	-0.372535	270.422	
-0.346881	0.110733	0.931349	240.272	0.284151	0.958745	-0.00815791	-6.45293	-0.89383	0.261814	-0.364036	270.087	
-0.342284	0.112038	0.932893	241.01	0.285589	0.958297	-0.0103046	-6.41091	-0.895143	0.262897	-0.360006	269.781	
-0.335681	0.113177	0.935152	241.733	0.286107	0.958106	-0.0132542	-6.342	-0.897475	0.263105	-0.353999	269.446	
-0.328483	0.110725	0.937997	242.481	0.282717	0.959098	-0.0142091	-6.33033	-0.901205	0.26052	-0.346351	269.163	
-0.334389	0.111857	0.935774	243.257	0.282795	0.959084	-0.0135899	-6.28847	-0.899006	0.260087	-0.35234	268.973	
-0.34248	0.111999	0.932826	244.004	0.280629	0.959739	-0.012199	-6.23437	-0.896635	0.2576	-0.360121	268.692	
-0.350847	0.112517	0.929648	244.74	0.280529	0.95979	-0.010294	-6.18077	-0.893426	0.257182	-0.368304	268.384	
-0.35975	0.111572	0.926354	245.474	0.282128	0.959358	-0.00598233	-6.11425	-0.889373	0.259198	-0.376607	268.072	
-0.365427	0.109401	0.924389	246.205	0.279986	0.96	-0.00293227	-6.05461	-0.887734	0.257744	-0.381441	267.752	
-0.372402	0.109477	0.921592	246.937	0.280062	0.959982	-0.000868186	-5.96857	-0.884806	0.257779	-0.38816	267.44	
-0.375243	0.108191	0.920591	247.682	0.279244	0.96022	0.000974966	-5.88563	-0.883864	0.257435	-0.390527	267.161	
-0.37725	0.10614	0.920009	248.436	0.275124	0.961407	0.00189915	-5.83356	-0.884302	0.253833	-0.391892	266.901	
-0.378426	0.104856	0.919673	249.177	0.273412	0.961893	0.00283347	-5.78486	-0.88433	0.252522	-0.392674	266.601	
-0.379654	0.10624	0.919008	249.885	0.272686	0.962102	0.00142809	-5.71571	-0.884028	0.251143	-0.394236	266.235	
-0.382207	0.110867	0.917402	250.623	0.272886	0.962043	-0.00257284	-5.63386	-0.882865	0.249363	-0.397954	265.938	
-0.385444	0.110877	0.916045	251.351	0.270949	0.962591	-0.0025036	-5.57281	-0.882054	0.247236	-0.401067	265.613	
-0.389762	0.112977	0.913959	252.087	0.268191	0.963354	-0.00471179	-5.47454	-0.880999	0.243279	-0.405779	265.314	
-0.399165	0.116833	0.909405	252.881	0.267481	0.963542	-0.00638262	-5.40889	-0.876995	0.240701	-0.415863	265.24	
-0.389982	0.11802	0.913228	253.543	0.269684	0.962904	-0.00927509	-5.30573	-0.880446	0.242665	-0.407344	264.803	
-0.374675	0.11758	0.91967	254.265	0.270966	0.962506	-0.0126648	-5.24381	-0.886677	0.244454	-0.392487	264.463	
-0.36398	0.118477	0.923841	254.99	0.274525	0.961461	-0.0151431	-5.15759	-0.890031	0.248106	-0.382477	264.138	
-0.348747	0.11936	0.929585	255.733	0.275818	0.961003	-0.019917	-5.10904	-0.895712	0.249451	-0.368069	263.846	
-0.338938	0.119983	0.933126	256.49	0.277371	0.960493	-0.0227524	-5.07602	-0.898992	0.251111	-0.358828	263.587	
-0.328689	0.120022	0.936781	257.215	0.27645	0.960674	-0.0260848	-4.99518	-0.903072	0.250399	-0.348943	263.26	
-0.323663	0.121375	0.938355	257.943	0.275209	0.960936	-0.0293693	-4.90721	-0.905264	0.248738	-0.344423	262.939	
-0.332198	0.11909	0.935661	258.706	0.272782	0.961736	-0.0255598	-4.92971	-0.902903	0.24674	-0.351973	262.699	
-0.337704	0.119773	0.933601	259.471	0.270749	0.962312	-0.0255209	-4.86283	-0.901472	0.244153	-0.357405	262.475	
-0.339175	0.121175	0.932886	260.223	0.269272	0.962682	-0.0271445	-4.78434	-0.901362	0.241994	-0.359147	262.214	
-0.332553	0.12102	0.935288	260.96	0.270718	0.962244	-0.0282515	-4.74436	-0.903394	0.243804	-0.352759	261.905	
-0.320142	0.122167	0.93946	261.698	0.274108	0.96118	-0.0315831	-4.69514	-0.906848	0.247402	-0.341201	261.6	
-0.305757	0.122977	0.944134	262.426	0.276369	0.960392	-0.0355929	-4.62823	-0.911116	0.250047	-0.327633	261.275	
-0.291686	0.122714	0.94861	263.167	0.275555	0.960473	-0.0395189	-4.58586	-0.915964	0.249867	-0.31397	260.976	
-0.288332	0.1214	0.949803	263.888	0.275497	0.960505	-0.0391355	-4.52703	-0.917042	0.250384	-0.31039	260.637	
-0.288831	0.127233	0.948888	264.633	0.279317	0.959209	-0.0435954	-4.33275	-0.915728	0.252449	-0.312588	260.418	
-0.295415	0.125927	0.947033	265.373	0.280359	0.959059	-0.0400715	-4.29177	-0.913307	0.253671	-0.318625	260.117	
-0.290146	0.128728	0.948285	266.102	0.285609	0.9574	-0.0425773	-4.20319	-0.913369	0.258485	-0.314552	259.798	
-0.282199	0.128628	0.950694	266.854	0.285326	0.957381	-0.0448384	-4.17213	-0.915944	0.258605	-0.306873	259.529	
-0.274659	0.12927	0.952812	267.606	0.286008	0.957054	-0.0474009	-4.16161	-0.918021	0.259492	-0.299836	259.256	
-0.267607	0.132726	0.954343	268.365	0.286619	0.956596	-0.0526683	-4.12451	-0.919911	0.259438	-0.294033	259.004	
-0.264254	0.132281	0.955339	269.118	0.286132	0.956705	-0.0533238	-4.10994	-0.921031	0.259262	-0.290663	258.737	
-0.269061	0.135522	0.953541	269.873	0.286097	0.956608	-0.0552303	-4.05857	-0.919649	0.257944	-0.296159	258.475	
-0.276501	0.135823	0.951367	270.633	0.284924	0.957038	-0.0538235	-4.03747	-0.917805	0.256185	-0.303321	258.227	
-0.28161	0.134789	0.950014	271.361	0.288809	0.956078	-0.0500386	-4.03281	-0.915033	0.260282	-0.30817	257.896	
-0.289141	0.133744	0.947898	272.124	0.287588	0.956588	-0.0472457	-4.00924	-0.913067	0.258943	-0.315051	257.655	
-0.307643	0.132497	0.942232	272.862	0.286315	0.957252	-0.0411263	-3.97882	-0.907402	0.257123	-0.332428	257.348	
-0.320794	0.133159	0.937742	273.611	0.285277	0.957676	-0.0383985	-3.94704	-0.903166	0.255198	-0.345204	257.07	
-0.329048	0.134498	0.934686	274.348	0.283835	0.958122	-0.0379488	-3.92435	-0.900647	0.252809	-0.353443	256.758	
-0.339489	0.134525	0.930941	275.094	0.284066	0.95817	-0.0348689	-3.87965	-0.896691	0.252611	-0.363502	256.473	
-0.347661	0.135965	0.92771	275.833	0.285305	0.957852	-0.0334642	-3.85408	-0.893159	0.253046	-0.3718	256.167	
-0.352897	0.135605	0.925783	276.55	0.284394	0.958175	-0.0319419	-3.80347	-0.891394	0.252015	-0.376703	255.816	
-0.348882	0.135095	0.927378	277.296	0.283178	0.958496	-0.0330962	-3.74058	-0.89336	0.251066	-0.372658	255.534	
-0.348442	0.133796	0.927732	278.057	0.282772	0.958651	-0.0320505	-3.69084	-0.89366	0.251169	-0.371869	255.292	
-0.35257	0.134328	0.926094	278.81	0.280561	0.959291	-0.0323313	-3.63764	-0.892737	0.248427	-0.375905	255.028	
-0.358162	0.132572	0.924199	279.55	0.281242	0.959211	-0.0286028	-3.59734	-0.890294	0.249679	-0.380838	254.725	
-0.359829	0.132983	0.923493	280.254	0.281429	0.95916	-0.0284634	-3.56699	-0.889562	0.249656	-0.382559	254.349	
-0.36328	0.132861	0.922158	280.974	0.281847	0.959075	-0.0271475	-3.5455	-0.888026	0.250045	-0.385859	254	
-0.368538	0.131176	0.920311	281.748	0.280735	0.959477	-0.024339	-3.56389	-0.88621	0.249394	-0.390429	253.799	
-0.362359	0.129697	0.922971	282.481	0.278531	0.960087	-0.025561	-3.53093	-0.889447	0.247814	-0.384021	253.48	
-0.358459	0.128353	0.92468	283.222	0.276997	0.96052	-0.0259482	-3.49827	-0.891504	0.246832	-0.379861	253.179	
-0.360339	0.123686	0.924585	283.94	0.275214	0.961147	-0.0213173	-3.51911	-0.891298	0.246778	-0.380379	252.828	
-0.35637	0.120557	0.926535	284.593	0.27697	0.960701	-0.0184729	-3.49496	-0.89235	0.250039	-0.375756	252.366	
-0.35377	0.128074	0.926523	285.235	0.281224	0.95931	-0.0252278	-3.28414	-0.892054	0.251636	-0.375392	251.937	
-0.323583	0.132214	0.936917	285.993	0.287669	0.957064	-0.035705	-3.21147	-0.90141	0.257968	-0.347724	251.693	
-0.298036	0.134279	0.945063	286.691	0.289872	0.956034	-0.0444233	-3.16108	-0.909477	0.260707	-0.323856	251.306	
-0.274943	0.135845	0.951815	287.453	0.291278	0.955214	-0.0521913	-3.16279	-0.916277	0.262893	-0.302198	251.06	
-0.255658	0.135174	0.957271	288.217	0.288949	0.9556	-0.0577686	-3.18297	-0.922577	0.261833	-0.283365	250.823	
-0.252667	0.134746	0.958125	288.999	0.28854	0.95569	-0.0583131	-3.19908	-0.923528	0.261724	-0.280351	250.656	
-0.272435	0.130888	0.95323	289.742	0.28527	0.957147	-0.0498948	-3.17838	-0.918912	0.258335	-0.298099	250.361	
-0.300605	0.126099	0.945376	290.499	0.283306	0.958287	-0.0377366	-3.16581	-0.9107	0.256487	-0.323791	250.103	
-0.333083	0.125705	0.934481	291.237	0.281918	0.959015	-0.0285195	-3.07554	-0.899766	0.253947	-0.354869	249.806	
-0.339161	0.124209	0.932492	291.997	0.282145	0.959043	-0.025125	-3.06624	-0.897421	0.254577	-0.360315	249.557	
-0.333765	0.123651	0.934511	292.747	0.280369	0.959517	-0.0268248	-3.0095	-0.899997	0.253055	-0.354921	249.284	
-0.32857	0.122473	0.936505	293.495	0.277677	0.960262	-0.0281576	-2.99999	-0.902739	0.250794	-0.349521	249.001	
-0.323186	0.120394	0.938646	294.235	0.27605	0.96073	-0.0281791	-2.98482	-0.905178	0.250006	-0.343729	248.697	
-0.325316	0.120312	0.93792	294.974	0.276611	0.960595	-0.0272788	-2.9356	-0.904243	0.250565	-0.345776	248.396	
-0.329857	0.120849	0.936264	295.713	0.277289	0.960427	-0.0262755	-2.87767	-0.902389	0.250948	-0.350313	248.094	
-0.337647	0.118491	0.933785	296.466	0.274906	0.961206	-0.0225674	-2.85568	-0.900234	0.249083	-0.357123	247.826	
-0.339313	0.11932	0.933075	297.203	0.277815	0.960388	-0.0217848	-2.81729	-0.898713	0.25183	-0.359021	247.517	
-0.334889	0.123627	0.934112	297.924	0.282114	0.959034	-0.0257847	-2.72577	-0.899034	0.254891	-0.356047	247.183	
-0.32869	0.123915	0.936274	298.671	0.282282	0.958928	-0.027815	-2.67145	-0.901266	0.255151	-0.350169	246.902	
-0.321262	0.123494	0.938903	299.418	0.282986	0.958677	-0.0292661	-2.62622	-0.90372	0.256295	-0.342934	246.617	
-0.309739	0.124088	0.94269	300.179	0.28038	0.959281	-0.034148	-2.60532	-0.908542	0.253735	-0.331919	246.372	
-0.304455	0.122342	0.944637	300.938	0.277442	0.960107	-0.0349265	-2.58422	-0.911226	0.251448	-0.326252	246.121	
-0.304371	0.12189	0.944723	301.689	0.277738	0.960041	-0.0343854	-2.56526	-0.911164	0.251919	-0.326062	245.845	
-0.312106	0.119941	0.942446	302.438	0.274266	0.961138	-0.0314918	-2.53314	-0.909598	0.248652	-0.332873	245.565	
-0.317008	0.121291	0.940635	303.184	0.275116	0.960905	-0.031186	-2.48746	-0.907643	0.248898	-0.337984	245.282	
-0.316557	0.124064	0.940425	303.925	0.273381	0.961276	-0.0347922	-2.42222	-0.908325	0.246081	-0.338215	244.986	
-0.321788	0.127339	0.93821	304.669	0.27626	0.960423	-0.0356027	-2.36476	-0.905612	0.247733	-0.344231	244.699	
-0.327928	0.126457	0.936201	305.412	0.275056	0.960846	-0.0334406	-2.32514	-0.903774	0.246541	-0.349871	244.404	
-0.325043	0.129247	0.936826	306.131	0.276489	0.960321	-0.0365569	-2.25497	-0.904379	0.24714	-0.347881	244.06	
-0.318313	0.131353	0.938841	306.849	0.279468	0.959344	-0.0394677	-2.21495	-0.905856	0.249813	-0.34208	243.71	
-0.312489	0.131975	0.940709	307.599	0.277925	0.959671	-0.0423129	-2.13307	-0.908355	0.248224	-0.336566	243.445	
-0.305543	0.133881	0.942719	308.338	0.280473	0.958794	-0.0452608	-2.08323	-0.909933	0.250578	-0.330503	243.143	
-0.294801	0.136278	0.945791	309.085	0.280186	0.958601	-0.0507904	-2.0519	-0.913558	0.250024	-0.32078	242.857	
-0.28712	0.134599	0.948391	309.831	0.277798	0.959229	-0.0520358	-2.04207	-0.916728	0.248521	-0.312805	242.568	
-0.294101	0.133066	0.946466	310.583	0.272632	0.960799	-0.0503645	-1.98735	-0.916066	0.243224	-0.31885	242.3	
-0.308433	0.129722	0.94236	311.33	0.268765	0.962178	-0.0444841	-1.97776	-0.912488	0.239553	-0.331632	242.015	
-0.320646	0.128692	0.938416	312.079	0.267541	0.962691	-0.040605	-1.96295	-0.90863	0.238045	-0.343113	241.735	
-0.325795	0.125668	0.937051	312.822	0.268728	0.962556	-0.0356566	-1.96022	-0.906445	0.240195	-0.347366	241.439	
-0.324516	0.122992	0.93785	313.579	0.268258	0.962767	-0.0334361	-1.95795	-0.907043	0.240735	-0.345427	241.178	
-0.321667	0.123627	0.938747	314.321	0.269455	0.962398	-0.0344113	-1.91057	-0.907703	0.241881	-0.342884	240.883	
-0.315499	0.125143	0.940638	315.037	0.273341	0.961236	-0.0362015	-1.82441	-0.908705	0.245694	-0.337476	240.537	
-0.315648	0.124267	0.940704	315.776	0.274563	0.960939	-0.0348122	-1.81167	-0.908285	0.247294	-0.337438	240.231	
-0.315964	0.125422	0.940444	316.52	0.276249	0.960438	-0.035276	-1.77302	-0.907663	0.248651	-0.338112	239.939	
-0.317554	0.12711	0.939682	317.267	0.27462	0.960834	-0.0371663	-1.75509	-0.907603	0.246253	-0.340024	239.653	
-0.323254	0.125338	0.937975	318.004	0.274199	0.961074	-0.0339274	-1.71047	-0.905716	0.246224	-0.345038	239.346	
-0.328305	0.126362	0.936082	318.747	0.273372	0.961311	-0.0338895	-1.6654	-0.904148	0.244773	-0.350147	239.053	
-0.322122	0.12912	0.937852	319.4	0.272976	0.961247	-0.0385822	-1.52624	-0.906489	0.243583	-0.344885	238.612	
-0.327031	0.129839	0.936052	320.145	0.272612	0.961369	-0.0381078	-1.49971	-0.904839	0.242716	-0.349793	238.322	
-0.331347	0.131588	0.934288	320.879	0.276515	0.96029	-0.0371839	-1.49021	-0.90208	0.246024	-0.354575	238.003	
-0.324632	0.140151	0.935399	321.557	0.278075	0.959397	-0.0472395	-1.25404	-0.90404	0.244776	-0.350423	237.65	
-0.315301	0.138335	0.938855	322.299	0.276984	0.959656	-0.0483784	-1.24032	-0.90767	0.244794	-0.340897	237.353	
-0.308308	0.137522	0.941294	323.054	0.277578	0.959439	-0.0492559	-1.23582	-0.909888	0.246097	-0.333976	237.086	
-0.303357	0.14047	0.942466	323.78	0.278677	0.958909	-0.0532216	-1.17171	-0.911216	0.246499	-0.330037	236.756	
-0.306896	0.135448	0.942056	324.535	0.27819	0.95936	-0.0473089	-1.21172	-0.910179	0.247552	-0.332104	236.497	
-0.306594	0.139311	0.941591	325.281	0.2811	0.958361	-0.0502627	-1.17363	-0.909386	0.249271	-0.332988	236.209	
-0.310774	0.139621	0.940173	326.057	0.280357	0.958609	-0.0496872	-1.16082	-0.908196	0.248143	-0.337055	236.015	
-0.307834	0.137925	0.94139	326.794	0.277756	0.959364	-0.0497321	-1.14619	-0.909994	0.246167	-0.333634	235.705	
-0.30299	0.136308	0.943195	327.517	0.275627	0.959954	-0.050188	-1.15494	-0.912265	0.244764	-0.328426	235.363	
-0.29782	0.136424	0.944823	328.256	0.275316	0.959956	-0.0518264	-1.14321	-0.914059	0.24469	-0.323454	235.057	
-0.293212	0.138657	0.945939	328.967	0.279068	0.95875	-0.0540317	-1.11248	-0.914411	0.248139	-0.319812	234.691	
-0.285251	0.140795	0.948055	329.609	0.278779	0.958573	-0.0584783	-1.0461	-0.917014	0.247617	-0.312685	234.218	
-0.283558	0.141126	0.948514	330.365	0.277586	0.958845	-0.0596793	-1.03619	-0.9179	0.246371	-0.311063	233.957	
-0.271361	0.142444	0.951879	331.127	0.278544	0.958289	-0.0639957	-0.999718	-0.921291	0.247775	-0.299719	233.717	
-0.24337	0.137018	0.960207	331.902	0.27316	0.959584	-0.0676951	-1.05408	-0.930674	0.245815	-0.270962	233.523	
-0.231915	0.132171	0.963715	332.657	0.270027	0.960536	-0.0667544	-1.05226	-0.934506	0.244747	-0.258453	233.259	
-0.242782	0.129148	0.961446	333.424	0.268493	0.961327	-0.0613325	-1.03922	-0.932185	0.243251	-0.268069	233.034	
-0.253305	0.12762	0.958932	334.168	0.270022	0.96119	-0.0565928	-0.993895	-0.928937	0.244597	-0.277934	232.741	
-0.26719	0.129053	0.954963	334.963	0.266197	0.962316	-0.0555669	-1.01898	-0.926147	0.239361	-0.291475	232.822	
-0.276616	0.129787	0.952176	335.724	0.264032	0.96297	-0.054554	-0.991727	-0.923997	0.236315	-0.300641	232.576	
-0.285373	0.132106	0.949268	336.465	0.265616	0.962559	-0.0541045	-0.960396	-0.920875	0.236701	-0.309778	232.276	
-0.289724	0.13213	0.947946	337.264	0.264172	0.962991	-0.0534869	-0.99107	-0.919931	0.234924	-0.313907	232.259	
-0.282523	0.131899	0.950149	338.017	0.264783	0.962743	-0.0549146	-0.96111	-0.921993	0.236069	-0.306922	231.992	
-0.274201	0.133612	0.952345	338.76	0.26521	0.962404	-0.0586637	-0.960714	-0.924379	0.236486	-0.299327	231.694	
-0.262649	0.134757	0.955435	339.514	0.265999	0.961942	-0.062552	-0.930919	-0.927502	0.237715	-0.288498	231.428	
-0.251534	0.133717	0.958567	340.297	0.266682	0.961646	-0.0641671	-0.906212	-0.930382	0.239492	-0.277546	231.27	
-0.232861	0.138676	0.962572	341.061	0.266308	0.961041	-0.0740314	-0.861481	-0.935337	0.239101	-0.260719	231.036	
-0.226053	0.139763	0.964037	341.835	0.266367	0.960804	-0.0768355	-0.816917	-0.936989	0.239418	-0.254421	230.837	
-0.223635	0.139159	0.964688	342.602	0.26448	0.961284	-0.0773561	-0.728834	-0.938103	0.237841	-0.251781	230.627	
-0.217318	0.138624	0.966207	343.28	0.265998	0.960811	-0.0780224	-0.556016	-0.939158	0.240053	-0.245675	230.24	
-0.222911	0.139576	0.964795	344.066	0.267722	0.960408	-0.0770854	-0.543361	-0.937356	0.241113	-0.251453	230.093	
-0.232335	0.136682	0.962984	344.841	0.268434	0.960635	-0.0715846	-0.539643	-0.93486	0.241866	-0.259879	229.892	
-0.245587	0.136247	0.959752	345.627	0.267016	0.96128	-0.0681381	-0.5326	-0.931874	0.239535	-0.272458	229.742	
-0.249916	0.142325	0.95775	346.372	0.266183	0.961126	-0.073369	-0.555353	-0.930961	0.236601	-0.278085	229.453	
-0.252743	0.140854	0.957226	347.149	0.264506	0.961717	-0.0716755	-0.543541	-0.930676	0.235076	-0.280324	229.263	
-0.253832	0.14364	0.956523	347.92	0.265659	0.961234	-0.0738493	-0.5147	-0.930051	0.235363	-0.282151	229.049	
-0.252745	0.149689	0.955883	348.675	0.268539	0.959997	-0.0793285	-0.388048	-0.92952	0.236642	-0.282832	228.818	
-0.255498	0.15397	0.954471	349.444	0.272726	0.958622	-0.0816347	-0.34033	-0.927546	0.239451	-0.286917	228.603	
-0.26388	0.155874	0.951877	350.225	0.274253	0.95825	-0.0808888	-0.319625	-0.924745	0.23971	-0.295612	228.431	
-0.272458	0.152906	0.94994	350.992	0.274843	0.958523	-0.0754582	-0.333543	-0.922078	0.240526	-0.303182	228.206	
-0.278048	0.153116	0.948285	351.756	0.27426	0.958774	-0.0743932	-0.34451	-0.920582	0.239392	-0.308579	227.967	
-0.278599	0.156973	0.947493	352.504	0.283021	0.956162	-0.0751905	-0.250632	-0.917759	0.247212	-0.310812	227.699	
-0.289212	0.160038	0.943792	353.254	0.284749	0.95568	-0.0747961	-0.213796	-0.913933	0.247112	-0.321965	227.424	
-0.301081	0.159015	0.940247	353.998	0.285199	0.955884	-0.070335	-0.203187	-0.909952	0.246981	-0.333149	227.13	
-0.312604	0.160724	0.936187	354.735	0.288551	0.955074	-0.067616	-0.168689	-0.904996	0.249001	-0.344937	226.821	
-0.323277	0.156896	0.933207	355.506	0.284489	0.956654	-0.0622873	-0.196345	-0.902529	0.245351	-0.353899	226.609	
-0.323992	0.156392	0.933044	356.149	0.283485	0.956973	-0.0619649	-0.160174	-0.902588	0.244427	-0.354386	226.134	
-0.32641	0.154038	0.932592	356.892	0.281134	0.957803	-0.0598047	-0.202004	-0.902452	0.242663	-0.355942	225.841	
-0.327821	0.153835	0.932131	357.641	0.275928	0.959224	-0.0612658	-0.200876	-0.903547	0.237116	-0.356901	225.561	
-0.326257	0.152731	0.932861	358.389	0.272087	0.960269	-0.0620594	-0.205022	-0.905276	0.233572	-0.354851	225.277	
-0.325246	0.151955	0.933341	359.123	0.273437	0.959954	-0.0610014	-0.214477	-0.905233	0.235369	-0.353771	224.959	
-0.324099	0.153272	0.933524	359.875	0.272707	0.960036	-0.0629474	-0.188988	-0.905865	0.234177	-0.352945	224.686	
-0.316932	0.153913	0.935877	360.596	0.27386	0.959566	-0.0650668	-0.155241	-0.90805	0.235678	-0.346267	224.341	
-0.305387	0.153288	0.939809	361.253	0.267624	0.960993	-0.0697795	-0.0969155	-0.913847	0.230206	-0.334498	223.889	
-0.288979	0.152141	0.945169	361.949	0.267829	0.960715	-0.0727563	-0.0719059	-0.919108	0.232119	-0.318374	223.495	
-0.267515	0.156014	0.950839	362.709	0.269243	0.959601	-0.0817007	0.00552072	-0.925172	0.234151	-0.298713	223.259	
-0.252939	0.157081	0.954645	363.421	0.264342	0.960407	-0.0879901	0.0659031	-0.930669	0.230097	-0.284447	222.898	
-0.239859	0.148186	0.959431	363.857	0.259248	0.962169	-0.0837964	-0.03703	-0.935552	0.228631	-0.269202	222.235	
-0.256096	0.151027	0.95478	364.645	0.259635	0.962172	-0.082555	-0.00896415	-0.931131	0.226753	-0.28562	222.099	
-0.263471	0.146994	0.953402	365.337	0.257716	0.963126	-0.0772733	-0.037833	-0.929605	0.225348	-0.291638	221.7	
-0.273662	0.142264	0.951246	366.027	0.258738	0.963433	-0.0696511	-0.163308	-0.926371	0.227063	-0.300465	221.315	
-0.297087	0.140405	0.944471	366.771	0.258539	0.96401	-0.0619853	-0.151263	-0.919183	0.225767	-0.322695	221.021	
-0.311465	0.139917	0.939901	367.507	0.258253	0.964336	-0.057975	-0.076996	-0.914492	0.224675	-0.336491	220.716	
-0.343626	0.139472	0.928692	368.266	0.260673	0.964215	-0.0483551	-0.0791948	-0.902203	0.225469	-0.367686	220.464	
-0.365801	0.138912	0.920268	368.993	0.259753	0.964745	-0.0423753	-0.0419439	-0.89371	0.223541	-0.388987	220.131	
-0.375866	0.138286	0.916298	369.699	0.258641	0.965163	-0.0395659	0.0310495	-0.889848	0.22212	-0.398538	219.763	
-0.380905	0.144527	0.913249	370.434	0.2681	0.962539	-0.0405062	0.264353	-0.884892	0.229413	-0.405384	219.549	
-0.383926	0.143143	0.912201	371.187	0.271105	0.961845	-0.0368306	0.0594061	-0.882668	0.233162	-0.408084	219.372	
-0.374435	0.144291	0.915958	371.902	0.270765	0.961779	-0.0408234	0.0757677	-0.88684	0.232724	-0.399193	219.014	
-0.363417	0.14395	0.920438	372.634	0.271429	0.961488	-0.0432012	0.133912	-0.891209	0.234134	-0.388493	218.696	
-0.352495	0.145029	0.924507	371.877	0.274418	0.960507	-0.046046	0.154434	-0.894674	0.237471	-0.378373	218.956	
-0.335542	0.145607	0.930704	372.627	0.274393	0.960248	-0.0513032	0.113216	-0.901177	0.238164	-0.362157	218.68	
-0.327764	0.146091	0.933396	371.95	0.274126	0.960175	-0.0540221	0.0406636	-0.904116	0.238162	-0.354758	219.099	
-0.315786	0.146604	0.937436	371.207	0.275569	0.959576	-0.0572381	0.0337097	-0.907932	0.240253	-0.34342	219.396	
-0.309736	0.144787	0.939734	371.928	0.276388	0.959371	-0.0567156	-0.283018	-0.909766	0.242164	-0.337169	219.253	
-0.303567	0.14404	0.94186	372.663	0.27716	0.959111	-0.0573478	-0.585914	-0.911608	0.243637	-0.331076	219.168	
0.356029	-0.776141	0.520432	372.024	-0.307	-0.623159	-0.719322	-0.246676	0.882606	0.0963268	-0.460138	219.509	
0.362909	-0.774702	0.517817	371.395	-0.30882	-0.62429	-0.71756	0.138599	0.879163	0.100496	-0.465804	219.818	
