0.999919	-0.00197135	0.0125784	0.00858506	0.00195026	0.999997	0.00168881	-0.0275539	-0.0125817	-0.00166414	0.999919	0.999583	
0.999819	-0.00387012	0.0186461	0.074854	0.00384002	0.999991	0.00164969	-0.0476396	-0.0186523	-0.00157779	0.999825	1.99718	
0.999817	-0.00705867	0.0177617	0.195502	0.00705417	0.999975	0.000315762	-0.0520248	-0.0177635	-0.00019041	0.999842	2.98987	
0.999844	-0.00880676	0.0153044	0.187786	0.00883586	0.999959	-0.00183487	-0.020864	-0.0152876	0.00196981	0.999881	3.98935	
0.999907	-0.0115059	0.00730367	0.248331	0.0115307	0.999928	-0.00335712	-0.0164862	-0.00726451	0.00344102	0.999968	4.98751	
0.999905	-0.0131427	-0.00409629	0.186336	0.0131221	0.999901	-0.00499793	-0.0355431	0.00416157	0.0049437	0.999979	5.9854	
0.999687	-0.0126869	-0.0215422	0.183015	0.0125723	0.999906	-0.00544831	-0.0266823	0.0216093	0.00517577	0.999753	6.98536	
0.999117	-0.00823743	-0.0411956	0.138325	0.00801759	0.999953	-0.00549897	-0.0246141	0.041239	0.00516382	0.999136	7.98436	
0.9982	-0.00556327	-0.0597138	0.0606648	0.00525797	0.999972	-0.00526869	-0.0920747	0.0597415	0.00494523	0.998202	8.97905	
0.997017	-0.00421272	-0.0770726	-0.0943948	0.00379681	0.999977	-0.00554199	-0.120906	0.0770943	0.00523283	0.99701	9.96654	
0.995251	-0.00481272	-0.0972223	-0.234161	0.00434514	0.999978	-0.00502048	-0.145836	0.0972444	0.00457419	0.99525	10.9564	
0.993273	-0.00619828	-0.115632	-0.437525	0.00576568	0.999975	-0.00407528	-0.167124	0.115654	0.00338116	0.993284	11.9353	
0.991181	-0.00470648	-0.132432	-0.620022	0.00428551	0.999985	-0.00346359	-0.165449	0.132447	0.00286551	0.991186	12.9185	
0.988875	-0.00391319	-0.1487	-0.798927	0.00364281	0.999991	-0.00209061	-0.199703	0.148706	0.00152566	0.98888	13.9018	
0.98686	-0.00337199	-0.16154	-0.969983	0.00314319	0.999994	-0.00167191	-0.219427	0.161544	0.00114219	0.986865	14.8868	
0.984907	-0.00455918	-0.173024	-1.17143	0.0041727	0.999988	-0.00259736	-0.23842	0.173034	0.00183618	0.984914	15.8661	
0.983564	-0.00787669	-0.180387	-1.43624	0.007275	0.999966	-0.00399691	-0.284471	0.180412	0.0026189	0.983588	16.8293	
0.982116	-0.00689042	-0.18815	-1.64504	0.00593147	0.999966	-0.00565927	-0.294534	0.188183	0.00444205	0.982124	17.8072	
0.980516	-0.00693894	-0.196319	-1.82737	0.00562129	0.999958	-0.00726819	-0.284222	0.196361	0.006023	0.980513	18.7904	
0.979001	-0.00679919	-0.203744	-2.06244	0.00510199	0.999948	-0.00885418	-0.332494	0.203794	0.00762875	0.978984	19.7612	
0.976924	-0.011461	-0.213279	-2.19987	0.00888966	0.999876	-0.0130115	-0.287229	0.213402	0.0108152	0.976905	20.7507	
0.975075	-0.0173903	-0.221191	-2.38303	0.0142811	0.999776	-0.0156483	-0.30599	0.221414	0.0120995	0.975105	21.7336	
0.973565	-0.0177191	-0.227722	-2.72311	0.014	0.999741	-0.0179368	-0.333849	0.227981	0.0142746	0.973561	22.6736	
0.971624	-0.0135931	-0.236141	-3.02203	0.00899004	0.999748	-0.0205586	-0.360981	0.236361	0.0178523	0.971501	23.6275	
0.968962	-0.00975719	-0.247019	-3.17728	0.00417642	0.999724	-0.0231064	-0.354991	0.247176	0.0213576	0.968735	24.6153	
0.966576	-0.0110487	-0.256143	-3.38393	0.0047021	0.999667	-0.0253768	-0.387625	0.256338	0.0233242	0.966306	25.5932	
0.96406	-0.0135557	-0.265339	-3.60722	0.00619632	0.999573	-0.0285532	-0.404121	0.265613	0.0258829	0.963732	26.5678	
0.961759	-0.0113089	-0.273665	-3.85548	0.00298612	0.999521	-0.0308097	-0.409596	0.273882	0.0288143	0.961332	27.5365	
0.95936	-0.00987459	-0.282014	-4.13579	0.000398564	0.999434	-0.0336389	-0.443051	0.282186	0.0321594	0.95882	28.4958	
0.957974	-0.00875932	-0.286722	-4.51555	-0.0019344	0.999314	-0.036992	-0.5055	0.286849	0.035992	0.957299	29.4188	
0.956274	-0.00802355	-0.292361	-4.8282	-0.00504362	0.999023	-0.0439141	-0.544136	0.292428	0.0434685	0.955299	30.3679	
0.955015	-0.00590223	-0.296499	-5.10414	-0.00945161	0.998688	-0.0503236	-0.621227	0.296408	0.0508622	0.953706	31.3259	
0.953843	-0.00272856	-0.300292	-5.43695	-0.0153207	0.998214	-0.0577344	-0.662054	0.299914	0.0596702	0.952098	32.268	
0.952719	0.00145102	-0.30385	-5.73876	-0.0223229	0.997621	-0.065229	-0.705029	0.303032	0.0689277	0.950484	33.2204	
0.951353	0.00190532	-0.308098	-6.14059	-0.0250709	0.997144	-0.0712479	-0.783981	0.307083	0.0755062	0.948683	34.1328	
0.949765	0.00534946	-0.31292	-6.50829	-0.0306969	0.996625	-0.0761328	-0.855183	0.311456	0.0819139	0.946723	35.06	
0.948348	0.00802171	-0.31713	-6.85051	-0.0353282	0.996132	-0.080449	-0.932657	0.315258	0.0874973	0.944964	35.9964	
0.946501	0.0125061	-0.322458	-7.16737	-0.0420899	0.995497	-0.0849364	-0.987484	0.319943	0.0939646	0.942766	36.9433	
0.944646	0.016471	-0.327679	-7.49421	-0.0480419	0.994918	-0.0884866	-1.03483	0.324556	0.0993307	0.940636	37.8872	
0.942742	0.0172017	-0.333079	-7.83976	-0.0494601	0.994837	-0.0886134	-1.14168	0.329835	0.100014	0.938726	38.8195	
0.94012	0.0167479	-0.340432	-8.14905	-0.0500976	0.994734	-0.08941	-1.19377	0.337142	0.101111	0.936009	39.769	
0.937768	0.0161101	-0.346887	-8.50617	-0.049159	0.995022	-0.0866849	-1.31888	0.343764	0.0983431	0.933892	40.6946	
0.93549	0.0134161	-0.353099	-8.90626	-0.0465248	0.995256	-0.0854465	-1.40857	0.350278	0.0963622	0.931676	41.6067	
0.932512	0.0129005	-0.360908	-9.28692	-0.0457676	0.995526	-0.0826694	-1.50894	0.358227	0.0936081	0.92893	42.526	
0.929564	0.0112681	-0.368489	-9.68582	-0.0425311	0.996137	-0.0768294	-1.61973	0.366199	0.0870901	0.926452	43.4363	
0.926007	0.0125715	-0.377298	-10.0649	-0.0428487	0.996487	-0.0719612	-1.70175	0.375068	0.0828033	0.923292	44.358	
0.922357	0.0147426	-0.386057	-10.4556	-0.0442165	0.996734	-0.0675779	-1.788	0.3838	0.0794011	0.919996	45.2744	
0.918713	0.0143034	-0.394666	-10.8376	-0.0438452	0.99686	-0.065936	-1.86606	0.392484	0.0778805	0.916456	46.1953	
0.914761	0.0132487	-0.403779	-11.2449	-0.0434701	0.996887	-0.0657717	-1.94056	0.401651	0.0777177	0.912489	47.1055	
0.910981	0.012945	-0.412246	-11.6433	-0.0434282	0.996962	-0.0646618	-2.01674	0.410156	0.0768088	0.908775	48.0196	
0.9076	0.0138024	-0.41961	-12.0735	-0.043998	0.997083	-0.0623683	-2.10115	0.417525	0.0750674	0.90556	48.9184	
0.904195	0.0105257	-0.42699	-12.5263	-0.0405679	0.997293	-0.0613223	-2.16923	0.425189	0.0727694	0.902175	49.8074	
0.900659	0.00910447	-0.434431	-12.9604	-0.0380951	0.997585	-0.0580718	-2.24597	0.432853	0.0688526	0.898831	50.705	
0.896582	0.0101726	-0.44276	-13.3799	-0.0377628	0.997851	-0.0535431	-2.31085	0.441264	0.0647257	0.89504	51.6104	
0.892878	0.00905033	-0.450207	-13.819	-0.0353965	0.998115	-0.0501358	-2.38749	0.448904	0.0607009	0.891516	52.5056	
0.889094	0.00797238	-0.457656	-14.2466	-0.0343167	0.998195	-0.0492788	-2.45706	0.456437	0.0595187	0.887763	53.4068	
0.885817	0.00473612	-0.46401	-14.7304	-0.0314924	0.998256	-0.0499315	-2.49925	0.462964	0.058843	0.884422	54.281	
0.883115	0.00654456	-0.46911	-15.2128	-0.0330003	0.998293	-0.048197	-2.56343	0.467994	0.0580443	0.881823	55.1546	
0.880479	0.000436935	-0.474085	-15.733	-0.0276215	0.998348	-0.0503791	-2.59054	0.47328	0.0574526	0.879037	56.0082	
0.878429	0.0001091	-0.477873	-16.2301	-0.0285331	0.998228	-0.0522218	-2.63362	0.477021	0.0595083	0.876875	56.8748	
0.875165	-9.74035e-05	-0.483825	-16.6405	-0.0280823	0.998304	-0.0509976	-2.71549	0.483009	0.0582182	0.873678	57.7831	
0.872283	-0.00213412	-0.488997	-17.1144	-0.0269257	0.998264	-0.0523873	-2.74867	0.48826	0.0588632	0.870711	58.663	
0.872219	-0.00176716	-0.489112	-17.6151	-0.0266442	0.998337	-0.0511208	-2.81751	0.488389	0.0576206	0.870722	59.5259	
0.8717	-0.00257478	-0.490032	-18.1135	-0.0251542	0.998433	-0.0499919	-2.87739	0.489393	0.0559043	0.87027	60.3908	
0.870372	-0.00513478	-0.492369	-18.5473	-0.0229215	0.998439	-0.0509314	-2.93389	0.491862	0.0556151	0.868895	61.29	
0.869842	-0.00752722	-0.493272	-19.0421	-0.0215354	0.998351	-0.0532103	-2.98459	0.492859	0.0569074	0.868246	62.1575	
0.866395	-0.0114312	-0.499229	-19.4429	-0.0184041	0.998328	-0.0547991	-3.05161	0.499021	0.0566655	0.864735	63.0712	
0.864656	-0.0143282	-0.50216	-19.9344	-0.0149394	0.998418	-0.0542117	-3.10645	0.502142	0.0543764	0.863074	63.9404	
0.862475	-0.0152185	-0.505871	-20.4258	-0.0125224	0.9986	-0.0513913	-3.16975	0.505945	0.0506584	0.861077	64.809	
0.859243	-0.0191494	-0.511209	-20.9634	-0.0077069	0.998701	-0.0503641	-3.22191	0.511509	0.0472149	0.85798	65.6506	
0.855438	-0.0201968	-0.517511	-21.485	-0.00612933	0.998775	-0.0491108	-3.28984	0.517869	0.0451832	0.854266	66.5011	
0.850148	-0.0233459	-0.526027	-22	-0.00512724	0.998602	-0.052606	-3.34979	0.52652	0.0474199	0.848839	67.3562	
0.843661	-0.0261142	-0.536242	-22.4967	-0.00512154	0.998379	-0.0566773	-3.41472	0.536853	0.0505628	0.84216	68.2217	
0.836953	-0.0272292	-0.546597	-23.0138	-0.00517606	0.998323	-0.057658	-3.45724	0.54725	0.0510862	0.835408	69.0765	
0.831019	-0.0277709	-0.55555	-23.5743	-0.00242354	0.998563	-0.0535416	-3.52816	0.556238	0.0458405	0.829757	69.9016	
0.82668	-0.0255683	-0.56209	-24.2098	-0.00148788	0.998864	-0.0476245	-3.61654	0.56267	0.0402065	0.825703	70.6686	
0.822287	-0.0251469	-0.568517	-24.7511	-0.00306691	0.998813	-0.0486159	-3.67766	0.569064	0.0417199	0.821234	71.5073	
0.819901	-0.0241367	-0.571996	-25.3491	-0.00593907	0.998699	-0.0506555	-3.75554	0.572475	0.0449296	0.81869	72.305	
0.817511	-0.0219385	-0.575495	-25.9462	-0.0118806	0.998419	-0.0549376	-3.81789	0.57579	0.0517494	0.815958	73.1047	
0.813582	-0.0221105	-0.58103	-26.4813	-0.0130719	0.998329	-0.0562942	-3.86605	0.581303	0.0533952	0.811933	73.9482	
0.81037	-0.022838	-0.585473	-27.0682	-0.0104608	0.998517	-0.0534289	-3.93543	0.585825	0.0494217	0.808929	74.7548	
0.806833	-0.0221148	-0.590366	-27.6257	-0.00868364	0.998747	-0.0492803	-3.99719	0.590716	0.0448875	0.80563	75.5827	
0.802815	-0.0215479	-0.595838	-28.1542	-0.00766908	0.998891	-0.046457	-4.07302	0.596178	0.0418659	0.80176	76.4283	
0.799318	-0.020925	-0.600543	-28.7389	-0.0087116	0.998885	-0.0463996	-4.1282	0.600845	0.0423197	0.798245	77.2376	
0.795521	-0.0218444	-0.605533	-29.3408	-0.00956929	0.998772	-0.0486021	-4.16941	0.605851	0.0444585	0.794335	78.0351	
0.791938	-0.0243835	-0.610114	-29.9671	-0.00939686	0.998597	-0.0521068	-4.23	0.610529	0.0469985	0.790598	78.8123	
0.787402	-0.0254506	-0.615914	-30.5635	-0.00913202	0.998556	-0.0529367	-4.29264	0.616372	0.047307	0.786033	79.6126	
0.783321	-0.0258902	-0.621078	-31.2143	-0.00853458	0.99859	-0.0523912	-4.36043	0.621559	0.0463397	0.781996	80.3688	
0.778388	-0.0266533	-0.627218	-31.846	-0.00772493	0.998616	-0.0520225	-4.43041	0.627736	0.0453389	0.777105	81.1408	
0.773417	-0.0270678	-0.63332	-32.4943	-0.00829714	0.99857	-0.0528109	-4.5014	0.633844	0.0460996	0.772086	81.8989	
0.767663	-0.0305791	-0.640123	-33.1446	-0.00677895	0.998418	-0.0558246	-4.5501	0.640817	0.0471939	0.766241	82.657	
0.761989	-0.0306513	-0.646864	-33.7836	-0.00818848	0.998343	-0.0569517	-4.61849	0.647539	0.0486934	0.760475	83.4232	
0.756935	-0.0313568	-0.652738	-34.4651	-0.00842701	0.998297	-0.0577294	-4.69907	0.653436	0.049198	0.755381	84.1505	
0.75039	-0.0335718	-0.660143	-35.0953	-0.00789365	0.998183	-0.0597357	-4.77041	0.660949	0.050036	0.748761	84.9237	
0.745596	-0.0351274	-0.665472	-35.783	-0.0067729	0.998159	-0.0602768	-4.85265	0.666364	0.0494494	0.743985	85.645	
0.739041	-0.036907	-0.672648	-36.444	-0.0048708	0.998179	-0.0601198	-4.92172	0.673642	0.0477074	0.737516	86.3922	
0.733814	-0.037606	-0.678309	-37.1321	-0.00400758	0.99821	-0.0596771	-5.00184	0.679339	0.0465102	0.732349	87.1133	
0.727264	-0.0403084	-0.685173	-37.8131	-0.00285484	0.998088	-0.0617473	-5.07559	0.686352	0.0468627	0.725758	87.8419	
0.720992	-0.0448136	-0.691493	-38.5233	-0.0014099	0.99781	-0.0661352	-5.11889	0.692942	0.0486579	0.71935	88.5446	
0.714828	-0.0448702	-0.697859	-39.2275	-0.00130037	0.997852	-0.0654908	-5.20319	0.699299	0.0477221	0.713234	89.2495	
0.707577	-0.0427952	-0.705339	-39.81	-0.00204581	0.998036	-0.0626064	-5.3096	0.706633	0.0457419	0.7061	90.0554	
0.702611	-0.0418095	-0.710345	-40.4979	-0.00245569	0.998124	-0.0611765	-5.39983	0.71157	0.0447277	0.70119	90.7756	
0.696334	-0.0440219	-0.716367	-41.1662	-0.00302479	0.997928	-0.0642645	-5.43897	0.717712	0.0469164	0.694758	91.5185	
0.691107	-0.0440977	-0.721406	-41.8948	-0.00564822	0.997777	-0.0664026	-5.50537	0.72273	0.049966	0.689322	92.2001	
0.686724	-0.0455919	-0.725487	-42.6506	-0.00694058	0.997574	-0.0692604	-5.57145	0.726885	0.0525981	0.684742	92.8517	
0.681103	-0.0457237	-0.730759	-43.3729	-0.0078088	0.997538	-0.0696943	-5.64281	0.732146	0.0531753	0.679069	93.5395	
0.676987	-0.0476208	-0.734453	-44.129	-0.00670075	0.997464	-0.0708506	-5.69434	0.735964	0.0528863	0.674951	94.1919	
0.673893	-0.0496454	-0.737159	-44.9095	-0.00446378	0.997448	-0.0712557	-5.78429	0.738815	0.0513093	0.671952	94.8105	
0.668383	-0.0500419	-0.742132	-45.6405	-0.00400817	0.997478	-0.0708696	-5.88342	0.743807	0.0503426	0.666496	95.4858	
0.663045	-0.0527001	-0.746722	-46.373	-0.00325351	0.997307	-0.073274	-5.94938	0.748572	0.0510134	0.661088	96.1633	
0.658465	-0.0540353	-0.750669	-47.1079	-0.00223286	0.997275	-0.0737453	-6.03522	0.752608	0.0502348	0.65655	96.836	
0.656882	-0.0561252	-0.751902	-47.8856	-0.00128737	0.997141	-0.0755555	-6.11208	0.753992	0.050599	0.654931	97.46	
0.653766	-0.0596915	-0.754339	-48.6615	-0.000549663	0.996846	-0.0793576	-6.18096	0.756697	0.0522959	0.651671	98.087	
0.651919	-0.0620153	-0.755748	-49.441	-0.00109386	0.996572	-0.0827205	-6.27251	0.758288	0.0547537	0.649617	98.7066	
0.646099	-0.0672605	-0.760284	-50.1622	0.00116365	0.996195	-0.0871422	-6.37049	0.763252	0.0554178	0.643719	99.3924	
0.640808	-0.0730558	-0.764218	-50.9606	0.00484389	0.995827	-0.0911349	-6.47117	0.767686	0.0546981	0.638487	99.9861	
0.632578	-0.0801798	-0.770335	-51.7202	0.0081101	0.995258	-0.096931	-6.5646	0.774454	0.0550689	0.630229	100.63	
0.623696	-0.0843947	-0.777098	-52.4887	0.0115573	0.995041	-0.0987879	-6.67046	0.781582	0.0526324	0.621578	101.261	
0.614242	-0.0861345	-0.784403	-53.2805	0.0139582	0.995055	-0.0983358	-6.76861	0.788994	0.0494531	0.612407	101.864	
0.605701	-0.0876645	-0.790848	-54.0893	0.0149886	0.994993	-0.0988141	-6.87631	0.795551	0.0479981	0.603982	102.442	
0.595997	-0.0875739	-0.798197	-54.8716	0.0129964	0.994957	-0.0994572	-6.98222	0.802881	0.0489026	0.59413	103.056	
0.586074	-0.0896836	-0.805279	-55.6766	0.0124848	0.994737	-0.101697	-7.08773	0.810162	0.0495482	0.584109	103.639	
0.574378	-0.0912633	-0.813487	-56.4627	0.0116578	0.994577	-0.103348	-7.19292	0.818507	0.0498774	0.572327	104.248	
0.565304	-0.096192	-0.819255	-57.3036	0.0156877	0.994252	-0.105914	-7.30527	0.824733	0.0470215	0.563564	104.778	
0.553266	-0.101506	-0.826797	-58.1276	0.0189756	0.993826	-0.109314	-7.40098	0.832789	0.0447908	0.551776	105.336	
0.542891	-0.103842	-0.833358	-58.9562	0.0200401	0.993645	-0.11076	-7.53059	0.839564	0.0434297	0.541522	105.881	
0.533623	-0.105286	-0.839144	-59.7966	0.0204552	0.993537	-0.11165	-7.65976	0.845475	0.042414	0.532327	106.407	
0.522263	-0.105047	-0.84629	-60.6326	0.0189003	0.993566	-0.111664	-7.77098	0.852575	0.0423228	0.520889	106.945	
0.512773	-0.104785	-0.852105	-61.4825	0.0175059	0.993593	-0.111649	-7.89965	0.858345	0.042334	0.511323	107.456	
0.502997	-0.102016	-0.858246	-62.3149	0.0168694	0.993979	-0.108263	-8.0536	0.864123	0.0399778	0.50169	107.988	
0.494833	-0.101612	-0.863027	-63.1808	0.0191132	0.994172	-0.106094	-8.1875	0.868778	0.0360038	0.493891	108.47	
0.488675	-0.102004	-0.866482	-64.0622	0.0219645	0.994266	-0.10466	-8.31965	0.872189	0.0321127	0.488113	108.923	
0.482003	-0.103409	-0.870046	-64.9522	0.0223256	0.994138	-0.105789	-8.43152	0.875885	0.0315666	0.481487	109.365	
0.475437	-0.106077	-0.873331	-65.8337	0.0220548	0.993829	-0.108707	-8.56172	0.879473	0.0324222	0.474843	109.819	
0.46872	-0.110523	-0.876405	-66.718	0.0215766	0.993278	-0.113722	-8.66507	0.883083	0.0343938	0.467954	110.275	
0.464474	-0.111087	-0.878592	-67.6122	0.0194977	0.993144	-0.115263	-8.79437	0.885372	0.0364061	0.463456	110.703	
0.458329	-0.114822	-0.881334	-68.4845	0.0193724	0.992675	-0.119253	-8.92738	0.888571	0.0375837	0.457196	111.174	
0.458089	-0.116925	-0.881183	-69.4013	0.0205691	0.99244	-0.120995	-9.05455	0.888668	0.0373015	0.457031	111.552	
0.45175	-0.119735	-0.884073	-70.2529	0.0254485	0.992279	-0.121386	-9.18923	0.891781	0.0323376	0.451309	112.059	
0.446139	-0.119016	-0.887015	-71.0944	0.0283483	0.9925	-0.118911	-9.35474	0.894515	0.0279055	0.446167	112.573	
0.443098	-0.120576	-0.888327	-71.9856	0.030216	0.992359	-0.119625	-9.48816	0.895964	0.0261639	0.443356	113.007	
0.439165	-0.122272	-0.890047	-72.8659	0.031362	0.992178	-0.120828	-9.62267	0.897859	0.0251498	0.439565	113.462	
0.437674	-0.123464	-0.890616	-73.7605	0.0333914	0.992076	-0.121119	-9.76041	0.898513	0.023272	0.438329	113.887	
0.435101	-0.126123	-0.891505	-74.6511	0.0358567	0.991782	-0.122809	-9.8892	0.899668	0.021468	0.436047	114.323	
0.435848	-0.12721	-0.890985	-75.5689	0.0367483	0.991651	-0.123607	-10.0502	0.89927	0.0211315	0.436884	114.686	
0.438333	-0.133105	-0.888902	-76.516	0.0351662	0.990756	-0.131016	-10.1009	0.898125	0.0261692	0.438962	115.003	
0.436795	-0.135464	-0.889303	-77.3977	0.0398543	0.99054	-0.13131	-10.285	0.898678	0.0219131	0.438062	115.437	
0.436229	-0.136826	-0.889372	-78.2947	0.0428875	0.99041	-0.131334	-10.4584	0.898813	0.0191487	0.437914	115.844	
0.431788	-0.137205	-0.891479	-79.1285	0.0422953	0.990355	-0.131937	-10.5886	0.900983	0.0192634	0.433426	116.38	
0.428622	-0.137409	-0.892974	-79.9869	0.0433416	0.990356	-0.13159	-10.769	0.902444	0.0176995	0.430444	116.861	
0.430473	-0.134707	-0.892495	-80.8814	0.0418611	0.990716	-0.129342	-10.9456	0.901632	0.0183172	0.432115	117.271	
0.43165	-0.13016	-0.892601	-81.757	0.0418562	0.991359	-0.12432	-11.1558	0.90107	0.0163018	0.433368	117.706	
0.434297	-0.127888	-0.891645	-82.6526	0.0409245	0.991649	-0.122298	-11.3116	0.89984	0.0166236	0.435904	118.123	
0.443235	-0.125512	-0.887575	-83.5844	0.0373975	0.991876	-0.121586	-11.4311	0.895625	0.0206979	0.444328	118.466	
0.450534	-0.123678	-0.884151	-84.4941	0.0360055	0.992069	-0.120427	-11.5806	0.892033	0.0224219	0.451414	118.853	
0.456385	-0.120436	-0.881594	-85.3681	0.0336043	0.992423	-0.11818	-11.7067	0.889148	0.0243102	0.456975	119.322	
0.457365	-0.120576	-0.881067	-86.209	0.0332577	0.992391	-0.118547	-11.8032	0.888657	0.0249169	0.457895	119.855	
0.467534	-0.120074	-0.875782	-87.1198	0.0343231	0.99245	-0.117746	-11.9549	0.883308	0.0249909	0.468126	120.239	
0.475565	-0.11907	-0.871585	-87.9901	0.0330221	0.992515	-0.117573	-12.0662	0.87906	0.0271319	0.475938	120.719	
0.486623	-0.116515	-0.865807	-88.8766	0.0305675	0.99273	-0.116416	-12.1746	0.873077	0.0301849	0.486647	121.168	
0.496824	-0.113196	-0.860437	-89.7291	0.0282433	0.993041	-0.114333	-12.313	0.867392	0.0325018	0.496563	121.673	
0.507045	-0.110285	-0.854835	-90.5894	0.0250052	0.993245	-0.113309	-12.452	0.861557	0.0360777	0.506378	122.163	
0.516578	-0.109062	-0.849266	-91.444	0.0210679	0.993174	-0.114728	-12.5513	0.855981	0.0413737	0.515349	122.673	
0.532069	-0.107639	-0.839831	-92.3424	0.0210566	0.993262	-0.113963	-12.6871	0.846439	0.0429524	0.53075	123.09	
0.542086	-0.106031	-0.833607	-93.1674	0.0216749	0.993442	-0.112266	-12.8125	0.840043	0.0427893	0.540829	123.641	
0.553719	-0.103735	-0.826217	-93.9886	0.0209024	0.993629	-0.110746	-12.9216	0.832442	0.044052	0.552359	124.201	
0.56661	-0.102141	-0.817631	-94.8245	0.0219242	0.993805	-0.108956	-13.0736	0.823694	0.0438094	0.565339	124.729	
0.578845	-0.100677	-0.809199	-95.6595	0.0213276	0.993879	-0.108398	-13.2112	0.815159	0.0454876	0.577449	125.262	
0.589692	-0.0995168	-0.801474	-96.4608	0.019723	0.993858	-0.108893	-13.3381	0.807388	0.048406	0.588032	125.846	
0.597056	-0.10306	-0.795552	-97.2612	0.0203329	0.993339	-0.113422	-13.4455	0.801942	0.0515436	0.595174	126.436	
0.605932	-0.103967	-0.788693	-98.0615	0.0207416	0.993151	-0.114983	-13.5648	0.795246	0.0533135	0.603939	127.024	
0.615746	-0.102179	-0.781291	-98.8546	0.0211434	0.993342	-0.113248	-13.6906	0.787661	0.053213	0.613807	127.62	
0.626128	-0.101541	-0.77308	-99.6496	0.0236105	0.993499	-0.11137	-13.8219	0.779363	0.0514788	0.624455	128.212	
0.637764	-0.0990354	-0.763839	-100.459	0.0226461	0.993682	-0.109927	-13.9378	0.769899	0.0528097	0.635977	128.788	
0.647267	-0.0956028	-0.756244	-101.211	0.0198488	0.993881	-0.108656	-14.0605	0.762005	0.0553188	0.645204	129.435	
0.657439	-0.0927633	-0.747776	-101.977	0.0173278	0.993992	-0.108073	-14.1771	0.753308	0.0580939	0.655097	130.067	
0.666859	-0.0914149	-0.739556	-102.743	0.0166251	0.994025	-0.107878	-14.2941	0.744999	0.0596444	0.664394	130.7	
0.675576	-0.0889932	-0.7319	-103.489	0.0168523	0.994293	-0.105343	-14.4284	0.737098	0.0588328	0.67322	131.352	
0.684256	-0.0877963	-0.723938	-104.228	0.0180968	0.994465	-0.1035	-14.5569	0.729018	0.0577194	0.682057	132.013	
0.692315	-0.0870643	-0.716324	-104.949	0.0184544	0.994506	-0.10304	-14.6807	0.72136	0.0581165	0.690118	132.695	
0.700497	-0.0853416	-0.708535	-105.678	0.0172858	0.994562	-0.102703	-14.7965	0.713446	0.0596958	0.698162	133.37	
0.707435	-0.0833144	-0.701851	-106.393	0.0166682	0.994718	-0.101279	-14.9261	0.706582	0.0599497	0.705087	134.057	
0.715079	-0.0812959	-0.6943	-107.102	0.0176451	0.994997	-0.0983315	-15.0503	0.69882	0.0580639	0.712937	134.751	
0.722184	-0.0802491	-0.68703	-107.795	0.0184361	0.995128	-0.0968574	-15.1507	0.691455	0.0572828	0.720145	135.465	
0.729243	-0.0782539	-0.679765	-108.482	0.0180579	0.995294	-0.0952051	-15.2751	0.684016	0.0571526	0.727225	136.181	
0.736291	-0.0776446	-0.672196	-109.152	0.0177203	0.995267	-0.0955521	-15.3696	0.676433	0.0584427	0.734182	136.917	
0.744711	-0.0734819	-0.66333	-109.853	0.0160212	0.995602	-0.0923033	-15.4859	0.667195	0.0581119	0.742613	137.62	
0.753264	-0.0713943	-0.653831	-110.515	0.0168458	0.995859	-0.0893339	-15.5952	0.657502	0.0562778	0.751348	138.362	
0.762195	-0.0684775	-0.643716	-111.171	0.0172588	0.996185	-0.0855374	-15.7063	0.647117	0.0540864	0.760469	139.109	
0.772801	-0.0655766	-0.631252	-111.863	0.0161116	0.996354	-0.0837803	-15.8153	0.634444	0.054575	0.771039	139.823	
0.782515	-0.0626861	-0.619468	-112.501	0.0139423	0.996434	-0.0832206	-15.9169	0.622475	0.0564846	0.780599	140.586	
0.791814	-0.0614019	-0.607667	-113.108	0.0122767	0.996333	-0.0846778	-16.0092	0.610638	0.0595889	0.789664	141.375	
0.801119	-0.0589599	-0.595594	-113.718	0.011534	0.996472	-0.0831301	-16.1146	0.598394	0.0597275	0.798973	142.16	
0.811204	-0.0577664	-0.581903	-114.325	0.0122221	0.996566	-0.0818925	-16.209	0.584635	0.0593195	0.809125	142.949	
0.821038	-0.0573539	-0.567985	-114.923	0.0142438	0.996689	-0.0800536	-16.3043	0.570696	0.0576367	0.819136	143.745	
0.830377	-0.0562443	-0.554356	-115.497	0.0154491	0.996834	-0.0779962	-16.4068	0.556987	0.056202	0.828617	144.558	
0.838926	-0.0562077	-0.541335	-116.04	0.0173152	0.996906	-0.0766764	-16.4766	0.543969	0.0549526	0.837304	145.395	
0.846802	-0.0557429	-0.52898	-116.587	0.0186599	0.996995	-0.0751903	-16.5701	0.531581	0.0538006	0.845297	146.226	
0.853346	-0.0557811	-0.518352	-117.11	0.0202602	0.997057	-0.0739419	-16.6678	0.520951	0.0525961	0.851965	147.073	
0.859872	-0.0554447	-0.507489	-117.637	0.0206129	0.997045	-0.0740043	-16.7545	0.510093	0.0531734	0.858474	147.919	
0.866977	-0.0532262	-0.495497	-118.174	0.0193509	0.997126	-0.0732524	-16.8518	0.497972	0.0539198	0.865515	148.756	
0.873161	-0.0510006	-0.484757	-118.612	0.0184137	0.997253	-0.0717521	-16.908	0.487084	0.053725	0.871701	149.654	
0.879486	-0.0498943	-0.473303	-119.113	0.0181798	0.997286	-0.0713496	-17.0056	0.475578	0.0541464	0.878005	150.514	
0.88506	-0.0497503	-0.46281	-119.579	0.0184988	0.997246	-0.0718235	-17.0856	0.465109	0.0550067	0.883543	151.395	
0.889513	-0.0509358	-0.454062	-120.03	0.0195553	0.9971	-0.0735437	-17.1655	0.456492	0.0565388	0.887929	152.283	
0.893533	-0.0505036	-0.446149	-120.474	0.0194189	0.997071	-0.0739758	-17.2422	0.448578	0.0574361	0.891896	153.176	
0.896937	-0.0496067	-0.439367	-120.925	0.01924	0.997124	-0.0733031	-17.3196	0.44174	0.0572948	0.895312	154.066	
0.900489	-0.0485074	-0.432166	-121.391	0.0201485	0.997346	-0.0699619	-17.409	0.434413	0.0542924	0.899076	154.946	
0.904728	-0.0458031	-0.423521	-121.863	0.0201056	0.997686	-0.0649484	-17.4993	0.425516	0.0502455	0.903555	155.823	
0.908382	-0.0435008	-0.415873	-122.326	0.0196351	0.997914	-0.0614945	-17.5966	0.417681	0.0476948	0.907341	156.704	
0.911351	-0.0415235	-0.40953	-122.702	0.0189504	0.998077	-0.0590264	-17.6493	0.411193	0.046033	0.910385	157.629	
0.91381	-0.0411895	-0.404047	-123.064	0.0196109	0.998159	-0.0574017	-17.7002	0.405667	0.0445305	0.912935	158.56	
0.917274	-0.0401918	-0.396223	-123.512	0.0203207	0.998322	-0.0542236	-17.7924	0.397737	0.0416864	0.916552	159.449	
0.92078	-0.0417643	-0.387839	-123.916	0.0226587	0.9983	-0.0537067	-17.8395	0.389422	0.0406641	0.920161	160.362	
0.924079	-0.0428728	-0.37979	-124.313	0.0242409	0.998262	-0.0537083	-17.8957	0.381433	0.0404243	0.923512	161.279	
0.927709	-0.0432277	-0.370793	-124.706	0.0249058	0.998227	-0.0540617	-17.9584	0.372473	0.0409186	0.927141	162.196	
0.931385	-0.0446728	-0.361283	-125.074	0.026139	0.998087	-0.0560276	-18.0095	0.363095	0.0427398	0.930771	163.124	
0.935122	-0.0445354	-0.351516	-125.444	0.0261513	0.998039	-0.0568776	-18.0857	0.35336	0.0439949	0.934452	164.05	
0.939287	-0.0442918	-0.340263	-125.769	0.0256177	0.997918	-0.0591814	-18.1348	0.342176	0.0468716	0.938466	164.995	
0.94417	-0.041131	-0.326881	-126.102	0.0230302	0.997989	-0.0590548	-18.2	0.328653	0.0482296	0.943218	165.935	
0.949748	-0.0372606	-0.310789	-126.432	0.0205149	0.998165	-0.0569786	-18.2664	0.312341	0.0477396	0.94877	166.877	
0.955739	-0.0332969	-0.292326	-126.753	0.018505	0.998411	-0.0532214	-18.3364	0.293634	0.0454563	0.954837	167.821	
0.961262	-0.0301505	-0.273981	-127.035	0.0167817	0.998557	-0.0510085	-18.3961	0.275124	0.0444347	0.960381	168.779	
0.966586	-0.0284054	-0.254765	-127.267	0.0161915	0.998622	-0.0499121	-18.4581	0.255832	0.0441193	0.965714	169.75	
0.971766	-0.0268087	-0.234421	-127.499	0.0159085	0.998708	-0.0482665	-18.5115	0.235412	0.0431744	0.970936	170.721	
0.976617	-0.0265948	-0.213333	-127.725	0.0171298	0.99879	-0.046094	-18.5569	0.214301	0.0413618	0.975892	171.694	
0.981304	-0.0235406	-0.191021	-127.955	0.0156977	0.998975	-0.0424679	-18.6051	0.191825	0.0386754	0.980667	172.666	
0.985441	-0.0219027	-0.1686	-128.148	0.0157066	0.999154	-0.037997	-18.6652	0.16929	0.0347957	0.984952	173.645	
0.988737	-0.0201757	-0.148297	-128.289	0.0152197	0.99929	-0.0344784	-18.7076	0.148888	0.0318331	0.988342	174.634	
0.991644	-0.0183243	-0.127694	-128.431	0.0141098	0.999328	-0.0338312	-18.756	0.128228	0.0317468	0.991236	175.623	
0.994147	-0.017762	-0.106564	-128.582	0.01407	0.999278	-0.0352985	-18.8083	0.107114	0.0335926	0.993679	176.61	
0.996202	-0.0167113	-0.0854539	-128.691	0.0136848	0.999262	-0.03588	-18.856	0.0859904	0.0345743	0.995696	177.603	
0.997622	-0.0178107	-0.0665814	-128.745	0.0155301	0.99928	-0.0346156	-18.8919	0.06715	0.0334993	0.99718	178.601	
0.998649	-0.0185721	-0.048523	-128.764	0.0169867	0.999315	-0.0328845	-18.947	0.0491005	0.0320158	0.998281	179.599	
0.999452	-0.0173848	-0.0281758	-128.823	0.0164917	0.999364	-0.0316271	-18.9952	0.0287077	0.0311451	0.999103	180.597	
0.999833	-0.016021	-0.00873837	-128.842	0.0157432	0.999396	-0.0309871	-19.0396	0.00922954	0.0308444	0.999482	181.595	
0.999808	-0.0151941	0.0123495	-128.873	0.015561	0.999423	-0.0301828	-19.0791	-0.0118837	0.0303692	0.999468	182.594	
0.999381	-0.0126088	0.032831	-128.876	0.0136013	0.999452	-0.0301828	-19.1204	-0.0324324	0.0306107	0.999005	183.593	
0.99854	-0.011045	0.0528829	-128.88	0.01269	0.999443	-0.0308717	-19.1725	-0.0525125	0.0314976	0.998123	184.592	
0.997407	-0.0108718	0.0711397	-128.807	0.0132268	0.999377	-0.0327171	-19.2036	-0.0707397	0.0335733	0.99693	185.589	
0.995847	-0.00811393	0.0906789	-128.77	0.0113326	0.999322	-0.0350366	-19.2425	-0.0903331	0.0359187	0.995264	186.587	
0.993894	-0.0070285	0.110118	-128.692	0.0110987	0.999276	-0.0363927	-19.2891	-0.109782	0.0373926	0.993252	187.583	
0.991748	-0.00761192	0.127975	-128.58	0.0126142	0.999186	-0.0383231	-19.3463	-0.127579	0.0396212	0.991037	188.575	
0.989194	-0.00613933	0.146485	-128.418	0.0126225	0.998979	-0.0433702	-19.3795	-0.146069	0.0447505	0.988262	189.561	
0.9864	-0.0046048	0.164299	-128.283	0.0128773	0.9987	-0.0493212	-19.4323	-0.163858	0.0507661	0.985177	190.551	
0.983598	-0.00162297	0.180367	-128.126	0.0113947	0.998521	-0.0531538	-19.4986	-0.180014	0.0543372	0.982162	191.536	
0.980383	0.00184785	0.197092	-127.96	0.00941114	0.998377	-0.0561735	-19.5736	-0.196876	0.0569264	0.978774	192.52	
0.976659	0.00395811	0.214761	-127.784	0.00879806	0.998254	-0.0584086	-19.6432	-0.214617	0.0589347	0.974918	193.501	
0.972561	0.00480433	0.2326	-127.613	0.0088489	0.998299	-0.0576193	-19.719	-0.232481	0.0580966	0.970864	194.484	
0.968383	0.0038431	0.249439	-127.377	0.0109042	0.998274	-0.0577132	-19.7872	-0.24923	0.0586084	0.966669	195.453	
0.963943	0.00239718	0.266097	-127.112	0.014757	0.997939	-0.0624478	-19.8404	-0.265698	0.0641229	0.961921	196.416	
0.958894	0.00298813	0.28375	-126.954	0.0162621	0.997723	-0.0654623	-19.9327	-0.283299	0.0673857	0.956661	197.399	
0.953766	0.00617548	0.300487	-126.709	0.0142454	0.997736	-0.065721	-20.0104	-0.300213	0.066963	0.951519	198.365	
0.948343	0.00863218	0.31713	-126.413	0.0131989	0.997691	-0.0666268	-20.0941	-0.316972	0.0673708	0.946039	199.317	
0.941938	0.0118354	0.335578	-126.173	0.0123041	0.997491	-0.069717	-20.1793	-0.335561	0.0697981	0.939429	200.284	
0.935952	0.0120803	0.35192	-125.82	0.0144791	0.997246	-0.0727403	-20.254	-0.351829	0.073177	0.9332	201.217	
0.929498	0.0133909	0.368584	-125.47	0.0152418	0.997092	-0.074662	-20.3268	-0.368512	0.075016	0.926591	202.151	
0.92225	0.0128324	0.386381	-125.135	0.0189113	0.996755	-0.0782431	-20.4092	-0.386131	0.0794667	0.919014	203.089	
0.914385	0.0163682	0.404514	-124.738	0.0193709	0.996269	-0.0841001	-20.4854	-0.404381	0.0847357	0.910657	204.004	
0.904903	0.020988	0.4251	-124.316	0.0184097	0.995919	-0.0883587	-20.5607	-0.42522	0.087782	0.900823	204.907	
0.893243	0.0268268	0.448773	-123.938	0.0153343	0.995819	-0.0900496	-20.6701	-0.449313	0.0873178	0.889097	205.826	
0.880077	0.033365	0.473657	-123.52	0.0125817	0.995539	-0.0935043	-20.7749	-0.474664	0.0882504	0.875731	206.729	
0.86582	0.0386191	0.498863	-123.087	0.0111172	0.995286	-0.0963444	-20.9012	-0.500232	0.0889629	0.861309	207.621	
0.851621	0.0447184	0.522247	-122.588	0.00899905	0.99496	-0.0998699	-21.0055	-0.524081	0.0897511	0.846926	208.482	
0.836911	0.0489942	0.545142	-122.044	0.00814426	0.994761	-0.101907	-21.0938	-0.547279	0.0897265	0.832127	209.317	
0.821822	0.0534343	0.567234	-121.515	0.00684635	0.994594	-0.103612	-21.2175	-0.569704	0.0890337	0.817013	210.156	
0.804841	0.0577517	0.590674	-120.963	0.00778245	0.994142	-0.107804	-21.315	-0.59344	0.0913619	0.799676	210.984	
0.790591	0.0600864	0.609389	-120.322	0.0105913	0.993683	-0.111719	-21.4095	-0.612253	0.0947782	0.784961	211.745	
0.771777	0.0633765	0.632727	-119.795	0.0110574	0.993533	-0.113004	-21.5531	-0.635797	0.0942098	0.766085	212.583	
0.756577	0.0647322	0.650693	-119.211	0.0131444	0.993382	-0.114107	-21.6954	-0.653773	0.0948835	0.750718	213.383	
0.741188	0.0662424	0.668021	-118.563	0.0142757	0.993339	-0.114341	-21.8186	-0.671145	0.0942847	0.735306	214.134	
0.728586	0.0672826	0.681642	-117.856	0.0154109	0.993302	-0.114518	-21.9425	-0.684781	0.0939408	0.722669	214.83	
0.71499	0.0677966	0.695839	-117.145	0.0183397	0.993126	-0.115606	-22.0523	-0.698894	0.0954186	0.708832	215.525	
0.699959	0.0690024	0.710841	-116.459	0.0211562	0.992881	-0.117213	-22.1755	-0.713869	0.0970829	0.693517	216.242	
0.685309	0.0702887	0.724853	-115.776	0.0242838	0.992572	-0.119208	-22.3106	-0.727848	0.0992968	0.678512	216.959	
0.66973	0.0733281	0.738975	-115.079	0.0252213	0.992293	-0.121323	-22.4452	-0.742176	0.0998913	0.662719	217.664	
0.653348	0.0776667	0.753063	-114.378	0.0247603	0.991999	-0.123791	-22.5694	-0.756653	0.0995245	0.646198	218.367	
0.637811	0.0818618	0.76583	-113.621	0.0229308	0.991876	-0.125122	-22.7084	-0.769851	0.0973653	0.630753	219.005	
0.619166	0.0884213	0.780266	-112.916	0.0190189	0.99166	-0.127469	-22.8473	-0.78503	0.0937641	0.61232	219.7	
0.602153	0.0943977	0.792781	-112.149	0.0148119	0.991494	-0.129309	-22.9897	-0.798244	0.0896064	0.595632	220.326	
0.584341	0.101106	0.805185	-111.371	0.011243	0.991104	-0.132611	-23.1348	-0.81143	0.0865429	0.578006	220.937	
0.564481	0.105716	0.818649	-110.61	0.0103488	0.990781	-0.13508	-23.3046	-0.825381	0.0847219	0.558183	221.563	
0.545459	0.111228	0.830724	-109.804	0.0107779	0.990142	-0.13965	-23.4437	-0.838068	0.0851267	0.538884	222.138	
0.526017	0.115249	0.842629	-108.997	0.00877573	0.989988	-0.140882	-23.5997	-0.850429	0.0815008	0.519739	222.709	
0.505329	0.120001	0.854542	-108.17	0.00486362	0.989872	-0.141881	-23.7576	-0.862913	0.0758525	0.499627	223.248	
0.48234	0.124501	0.867092	-107.343	-0.000576827	0.989893	-0.141812	-23.9351	-0.875984	0.0679014	0.477537	223.782	
0.460912	0.128765	0.878055	-106.48	-0.00396613	0.989707	-0.143057	-24.0836	-0.887437	0.062454	0.456678	224.265	
0.440808	0.131493	0.887918	-105.595	-0.00556184	0.989593	-0.143789	-24.2382	-0.897584	0.0584449	0.436952	224.703	
0.420405	0.133861	0.897408	-104.72	-0.00652982	0.989478	-0.144535	-24.3975	-0.907313	0.0549033	0.416855	225.16	
0.399114	0.135449	0.906842	-103.836	-0.00704476	0.989452	-0.144687	-24.5544	-0.916874	0.0513581	0.395858	225.6	
0.378032	0.136281	0.915707	-102.939	-0.0062332	0.989458	-0.144683	-24.7162	-0.925772	0.0489871	0.374896	226.012	
0.356854	0.135176	0.924328	-102.035	-0.00526563	0.98975	-0.14271	-24.8837	-0.934145	0.0460596	0.353908	226.406	
0.333496	0.136416	0.93283	-101.138	-0.00726945	0.989818	-0.142151	-25.0495	-0.942724	0.0406256	0.331092	226.814	
0.314949	0.137329	0.939121	-100.201	-0.00726462	0.989796	-0.142303	-25.2082	-0.949081	0.0379959	0.312733	227.127	
0.296317	0.141219	0.944592	-99.265	-0.00477121	0.989215	-0.146394	-25.3704	-0.955078	0.0388723	0.293795	227.439	
0.278179	0.144612	0.949581	-98.3212	0.00258789	0.988485	-0.151294	-25.5388	-0.960526	0.0445444	0.274602	227.723	
0.259492	0.149884	0.954043	-97.3652	0.00781032	0.987525	-0.157269	-25.702	-0.965714	0.0482613	0.255084	227.967	
0.237813	0.155681	0.958753	-96.4342	0.00936684	0.986658	-0.162536	-25.8771	-0.971266	0.0476337	0.233182	228.288	
0.217952	0.160869	0.96261	-95.4867	0.00843867	0.985974	-0.166684	-26.0561	-0.975923	0.0444523	0.213537	228.552	
0.19889	0.167734	0.965561	-94.5307	0.00595644	0.985019	-0.172341	-26.2464	-0.980004	0.0400282	0.194911	228.776	
0.180104	0.171683	0.968549	-93.5754	0.00459705	0.984493	-0.175364	-26.4394	-0.983637	0.0360362	0.176522	229	
0.161754	0.175225	0.97115	-92.6158	0.00154228	0.984063	-0.177812	-26.6454	-0.98683	0.0302595	0.158906	229.192	
0.142732	0.178946	0.973451	-91.6529	0.000861818	0.983498	-0.180919	-26.8447	-0.989761	0.0266618	0.140222	229.373	
0.124995	0.180988	0.97551	-90.6861	0.000460669	0.98321	-0.182476	-27.0511	-0.992157	0.023258	0.122813	229.524	
0.106396	0.186919	0.976597	-89.7172	0.00231699	0.982122	-0.188229	-27.253	-0.994321	0.0222895	0.10406	229.667	
0.0890456	0.188928	0.977945	-88.7445	0.00302417	0.98179	-0.189946	-27.4598	-0.996023	0.0198714	0.0868527	229.772	
0.0733999	0.190067	0.979023	-87.7685	0.00068987	0.981661	-0.190631	-27.659	-0.997302	0.0146677	0.0719227	229.86	
0.0563705	0.189901	0.980184	-86.7934	-0.00311606	0.981773	-0.19003	-27.8628	-0.998405	0.00765778	0.0559348	229.949	
0.0422305	0.191055	0.980671	-85.8182	-0.00732918	0.981579	-0.190916	-28.0722	-0.999081	0.000874962	0.0428528	230.019	
0.0294522	0.190855	0.981176	-84.8421	-0.0106912	0.981606	-0.190617	-28.2841	-0.999509	-0.00487589	0.0309509	230.068	
0.0192455	0.190883	0.981424	-83.8646	-0.010606	0.98159	-0.190707	-28.4934	-0.999759	-0.00673868	0.0209157	230.096	
0.00871988	0.192115	0.981334	-82.8931	-0.00856447	0.981349	-0.192042	-28.7144	-0.999925	-0.00673002	0.0102026	230.182	
0.00220813	0.194602	0.98088	-81.9118	-0.00606428	0.980867	-0.194585	-28.9065	-0.999979	-0.00551866	0.003346	230.189	
0.00018155	0.194749	0.980853	-80.9327	-0.00122893	0.980852	-0.194749	-29.1042	-0.999999	-0.00117005	0.000417407	230.141	
-0.00320406	0.196133	0.980572	-79.9516	0.00846455	0.980547	-0.196101	-29.297	-0.999959	0.00767178	-0.00480192	230.124	
-0.0068331	0.199078	0.97996	-78.9735	0.0102159	0.979945	-0.199004	-29.5047	-0.999924	0.00865132	-0.00872982	230.114	
-0.0115552	0.199516	0.979826	-78.0005	0.00120501	0.979894	-0.199516	-29.7344	-0.999933	-0.00112475	-0.0115633	230.139	
-0.0131345	0.198079	0.980098	-77.0308	-0.00993026	0.980108	-0.198214	-29.9763	-0.999864	-0.0123361	-0.0109063	230.107	
-0.0143831	0.197727	0.980152	-76.0542	-0.0133879	0.980127	-0.197919	-30.1916	-0.999807	-0.0159688	-0.0114501	230.108	
-0.016654	0.199889	0.979677	-75.071	-0.00882885	0.979745	-0.200053	-30.371	-0.999822	-0.0119811	-0.0145519	230.141	
-0.0146414	0.19966	0.979756	-74.0913	-0.0042565	0.97984	-0.199741	-30.5693	-0.999884	-0.00709481	-0.0134964	230.113	
-0.0118698	0.200514	0.979619	-73.1174	-0.00295103	0.979677	-0.200562	-30.7953	-0.999925	-0.00527151	-0.0110368	230.089	
-0.00969576	0.203017	0.979127	-72.1389	-0.00154601	0.979169	-0.203041	-31.0012	-0.999952	-0.00348238	-0.00917992	230.088	
-0.00641817	0.203531	0.979048	-71.1625	0.000107609	0.979068	-0.203534	-31.2173	-0.999979	-0.00120096	-0.00630573	230.093	
-0.00709076	0.205748	0.978579	-70.1906	-0.000434519	0.978603	-0.205756	-31.4482	-0.999975	-0.00188418	-0.00684963	230.137	
-0.00247502	0.208281	0.978066	-69.2162	0.000407019	0.978069	-0.208281	-31.6727	-0.999997	-0.000117409	-0.00250551	230.154	
0.00379146	0.208299	0.978058	-68.2401	-0.000232748	0.978065	-0.208299	-31.8895	-0.999993	0.000562118	0.00375678	230.168	
0.0116318	0.205461	0.978596	-67.2643	-0.00154449	0.978665	-0.205457	-32.108	-0.999931	0.000878407	0.011701	230.164	
0.0198685	0.20296	0.978986	-66.2857	-0.00108086	0.979183	-0.202979	-32.3139	-0.999802	0.00297474	0.0196743	230.162	
0.0281371	0.200274	0.979336	-65.3079	0.000220855	0.979722	-0.200359	-32.5231	-0.999604	0.00585383	0.0275224	230.156	
0.0354278	0.200575	0.979038	-64.3319	7.59218e-05	0.979652	-0.200703	-32.7391	-0.999372	0.00718482	0.0346917	230.184	
0.0423185	0.200548	0.978769	-63.3555	-0.000758717	0.979653	-0.200696	-32.9503	-0.999104	0.00775056	0.0416096	230.228	
0.0491666	0.199786	0.978605	-62.3791	-0.00269444	0.979813	-0.199897	-33.1587	-0.998787	0.00719148	0.0487124	230.285	
0.0553433	0.199224	0.97839	-61.4034	-0.00359539	0.979925	-0.199333	-33.3689	-0.998461	0.00751405	0.0549486	230.347	
0.0622253	0.199275	0.977966	-60.432	-0.00349149	0.979902	-0.199448	-33.5984	-0.998056	0.00899615	0.0616705	230.408	
0.0686967	0.198606	0.977669	-59.4606	-0.0022453	0.980012	-0.198924	-33.8262	-0.997635	0.0114703	0.0677696	230.475	
0.0751621	0.198531	0.977208	-58.4835	0.000781338	0.979968	-0.199152	-34.0236	-0.997171	0.0157322	0.0735013	230.555	
0.0826886	0.199883	0.976324	-57.5081	0.00283397	0.979628	-0.2008	-34.2307	-0.996571	0.0193707	0.0804376	230.631	
0.0909623	0.200612	0.975439	-56.5401	0.000555379	0.979489	-0.201497	-34.4769	-0.995854	0.0188703	0.0889852	230.68	
0.0981424	0.201085	0.974645	-55.5681	2.14989e-05	0.979373	-0.202062	-34.6945	-0.995172	0.0198518	0.0961137	230.768	
0.105175	0.201621	0.9738	-54.598	-0.00291646	0.97929	-0.202443	-34.9166	-0.994449	0.0184519	0.103585	230.866	
0.114239	0.200461	0.973019	-53.627	-0.00426979	0.979521	-0.201299	-35.1393	-0.993444	0.0188415	0.112755	230.953	
0.121824	0.201067	0.971973	-52.656	-0.00523175	0.979383	-0.201945	-35.3522	-0.992538	0.0195166	0.120364	231.062	
0.128519	0.199999	0.971331	-51.6897	-0.00479075	0.979567	-0.201062	-35.5759	-0.991695	0.0211869	0.126851	231.189	
0.135061	0.197613	0.970931	-50.7214	-0.00345353	0.979998	-0.198977	-35.7791	-0.990831	0.0235209	0.133042	231.334	
0.143234	0.194866	0.970315	-49.7532	-0.00075379	0.980446	-0.196789	-35.9844	-0.989689	0.0274556	0.14058	231.477	
0.152918	0.193589	0.969092	-48.7819	0.00214483	0.980558	-0.196218	-36.1897	-0.988237	0.0320838	0.14953	231.597	
0.161942	0.193842	0.967574	-47.8161	0.00350067	0.980398	-0.196997	-36.3884	-0.986794	0.0352893	0.158089	231.764	
0.169595	0.19489	0.966051	-46.8495	0.00309786	0.980141	-0.198276	-36.588	-0.985509	0.0366194	0.165623	231.925	
0.173579	0.198826	0.964541	-45.8965	-2.01058e-05	0.979409	-0.201887	-36.8048	-0.98482	0.035024	0.170008	232.136	
0.176819	0.200792	0.963544	-44.937	0.000630686	0.978946	-0.204118	-37.0127	-0.984243	0.0366996	0.17297	232.326	
0.177764	0.20313	0.96288	-43.979	0.00206593	0.978385	-0.206782	-37.2154	-0.984071	0.0387476	0.173502	232.529	
0.179033	0.202595	0.962758	-43.021	0.00402614	0.978409	-0.206638	-37.4244	-0.983835	0.0408712	0.174352	232.726	
0.180395	0.202593	0.962504	-42.0723	0.00319119	0.978432	-0.206544	-37.652	-0.983589	0.040331	0.175857	232.945	
0.181815	0.199553	0.962872	-41.1138	0.00448289	0.979014	-0.203745	-37.8644	-0.983322	0.0413604	0.177105	233.135	
0.187875	0.196957	0.962243	-40.1504	0.00538899	0.979467	-0.201535	-38.0855	-0.982178	0.0430489	0.182956	233.287	
0.190541	0.1983	0.961442	-39.1914	0.00678057	0.979096	-0.203285	-38.2842	-0.981656	0.0452532	0.185213	233.489	
0.195209	0.197394	0.960692	-38.2265	0.00651427	0.979254	-0.202532	-38.4818	-0.98074	0.0457943	0.189873	233.662	
0.19835	0.194823	0.960573	-37.2684	0.00294549	0.979923	-0.199355	-38.6997	-0.980127	0.0423715	0.193794	233.847	
0.203414	0.192814	0.95992	-36.3131	0.00132451	0.980362	-0.197201	-38.9228	-0.979092	0.0413849	0.199164	234.041	
0.207597	0.191213	0.959344	-35.3611	0.00369982	0.980549	-0.19624	-39.1268	-0.978207	0.0442882	0.202852	234.27	
0.2135	0.189124	0.958462	-34.4154	0.00440804	0.980887	-0.19453	-39.3506	-0.976933	0.0457572	0.208586	234.506	
0.219729	0.187776	0.957319	-33.4645	0.00281688	0.981175	-0.193102	-39.5609	-0.975557	0.0451268	0.215063	234.733	
0.226324	0.186876	0.955958	-32.514	0.00272925	0.981298	-0.192476	-39.7696	-0.974048	0.0461708	0.221581	234.963	
0.234327	0.18516	0.954362	-31.5612	0.00248607	0.981577	-0.191051	-39.9685	-0.972155	0.047141	0.229549	235.192	
0.244041	0.181126	0.9527	-30.608	0.00516469	0.982146	-0.188047	-40.1691	-0.969751	0.0508117	0.238749	235.418	
0.2543	0.17632	0.950917	-29.6499	0.00799226	0.982824	-0.184374	-40.3488	-0.967092	0.0544861	0.248523	235.641	
0.263821	0.173627	0.948816	-28.7121	0.00899702	0.98318	-0.182417	-40.5474	-0.96453	0.0566619	0.257821	235.926	
0.274991	0.172976	0.945759	-27.7637	0.00628234	0.983338	-0.181676	-40.74	-0.961426	0.0559007	0.269322	236.178	
0.286407	0.170017	0.942903	-26.8157	0.00651904	0.983761	-0.179364	-40.9503	-0.958086	0.0575178	0.280647	236.417	
0.300115	0.171124	0.938428	-25.8549	0.00764182	0.983315	-0.181753	-41.1282	-0.953872	0.0617182	0.2938	236.629	
0.307376	0.172305	0.935859	-24.9416	0.0109719	0.982763	-0.184544	-41.3108	-0.951525	0.0669926	0.300187	236.994	
0.318004	0.174137	0.93196	-24.0077	0.0108084	0.982258	-0.187223	-41.4953	-0.948028	0.0696106	0.310479	237.3	
0.328901	0.175483	0.927917	-23.0865	0.00794816	0.982034	-0.188534	-41.7312	-0.944331	0.0693843	0.321597	237.609	
0.33897	0.174688	0.924437	-22.1522	0.00598579	0.98219	-0.187796	-41.9528	-0.940778	0.0691908	0.331887	237.889	
0.346799	0.173874	0.921682	-21.2355	0.00446743	0.98235	-0.187	-42.161	-0.937929	0.0689691	0.339901	238.23	
0.354936	0.17312	0.918722	-20.3035	0.00444061	0.982382	-0.186831	-42.3429	-0.93488	0.0703928	0.347914	238.543	
0.362351	0.173198	0.915808	-19.3919	0.00285727	0.982372	-0.186917	-42.5383	-0.932037	0.0703464	0.355469	238.905	
0.371142	0.173795	0.912167	-18.4771	0.0021052	0.982169	-0.187989	-42.747	-0.928574	0.0716911	0.364158	239.251	
0.379475	0.171629	0.909144	-17.5737	0.0037977	0.982346	-0.187033	-42.9641	-0.925194	0.0744271	0.372125	239.62	
0.387277	0.170648	0.906033	-16.6732	0.00550891	0.982275	-0.187363	-43.162	-0.921947	0.0775527	0.379473	240.007	
0.394437	0.170326	0.903	-15.7733	0.00545024	0.982221	-0.187649	-43.3494	-0.918907	0.0789374	0.386496	240.401	
0.401984	0.167167	0.900258	-14.8815	0.00620536	0.982673	-0.185242	-43.5384	-0.915626	0.0800507	0.393981	240.812	
0.410779	0.165862	0.896521	-13.9936	0.00446527	0.982936	-0.183895	-43.7463	-0.911724	0.0795435	0.403029	241.223	
0.419872	0.164576	0.892537	-13.0844	0.00193914	0.983257	-0.182216	-43.9319	-0.907581	0.0782381	0.412523	241.595	
0.427519	0.164234	0.888963	-12.2086	-0.000741583	0.983422	-0.181329	-44.133	-0.904006	0.0768622	0.420554	242.034	
0.43561	0.165779	0.884738	-11.338	-0.0026447	0.983126	-0.182913	-44.3321	-0.900131	0.0773388	0.428698	242.484	
0.443763	0.16565	0.880701	-10.464	-0.00336764	0.983069	-0.183207	-44.5266	-0.896138	0.0783347	0.436807	242.929	
0.453011	0.165588	0.875992	-9.57322	-0.00510877	0.983065	-0.183186	-44.7244	-0.89149	0.0785099	0.446185	243.339	
0.462686	0.16445	0.871136	-8.68442	-0.0060666	0.983209	-0.182384	-44.9289	-0.886502	0.0791018	0.455914	243.749	
0.471574	0.163789	0.866482	-7.80644	-0.00579899	0.983154	-0.182687	-45.1242	-0.881807	0.0811257	0.46458	244.186	
0.479588	0.16237	0.862341	-6.9607	-0.00572678	0.983289	-0.181959	-45.3318	-0.877475	0.0823267	0.472503	244.677	
0.489036	0.160143	0.857437	-6.09712	-0.00484711	0.983486	-0.180921	-45.5449	-0.87225	0.0843208	0.481736	245.134	
0.496202	0.158999	0.853524	-5.25699	-0.00565322	0.983659	-0.179955	-45.7378	-0.868188	0.0844687	0.488993	245.641	
0.504125	0.158195	0.849018	-4.40008	-0.00731683	0.983827	-0.178969	-45.9306	-0.863599	0.0840108	0.49713	246.119	
0.510042	0.15726	0.845652	-3.57232	-0.00977095	0.984141	-0.17712	-46.1377	-0.860094	0.082076	0.50349	246.641	
0.515164	0.156604	0.842663	-2.72855	-0.0115288	0.984343	-0.175886	-46.324	-0.857014	0.0808954	0.508903	247.144	
0.519173	0.156962	0.840132	-1.89791	-0.0144701	0.984465	-0.174985	-46.5155	-0.854547	0.0786908	0.513379	247.667	
0.522321	0.155741	0.838407	-1.05884	-0.0164393	0.984837	-0.1727	-46.7046	-0.85259	0.0764219	0.516962	248.177	
0.526076	0.155101	0.836175	-0.217821	-0.0186741	0.985098	-0.170976	-46.8895	-0.850233	0.0743316	0.521133	248.685	
0.526118	0.154585	0.836243	0.598805	-0.020734	0.985379	-0.16911	-47.0875	-0.850159	0.0716329	0.521631	249.228	
0.528819	0.154842	0.83449	1.43263	-0.0207124	0.985279	-0.169695	-47.2821	-0.848482	0.0724538	0.524242	249.744	
0.526371	0.156213	0.835782	2.23297	-0.0197759	0.984961	-0.171641	-47.4584	-0.850025	0.0738184	0.521544	250.317	
0.528038	0.153893	0.835161	3.06118	-0.0180931	0.985259	-0.170111	-47.6435	-0.849028	0.0747147	0.523038	250.846	
0.529959	0.152677	0.834166	3.89309	-0.018552	0.985511	-0.168591	-47.8202	-0.84782	0.0738711	0.525113	251.372	
0.531194	0.149988	0.833868	4.73582	-0.0181049	0.98599	-0.165816	-47.9966	-0.847057	0.0729836	0.526468	251.881	
0.529621	0.150509	0.834774	5.54357	-0.0195775	0.986039	-0.165361	-48.1643	-0.848008	0.0712359	0.525174	252.446	
0.530546	0.150179	0.834246	6.36454	-0.0215845	0.986255	-0.163817	-48.3442	-0.847381	0.0689056	0.526495	252.988	
0.531732	0.149863	0.833548	7.1966	-0.0248533	0.986557	-0.161518	-48.5248	-0.846548	0.065168	0.528308	253.512	
0.534737	0.147535	0.83204	8.04308	-0.0233227	0.986842	-0.159995	-48.6856	-0.844697	0.0661498	0.531142	254.02	
0.533983	0.150034	0.832077	8.84794	-0.0249864	0.9865	-0.161843	-48.8374	-0.845126	0.0656309	0.530523	254.594	
0.534796	0.153552	0.830912	9.65754	-0.0256616	0.985848	-0.165668	-48.9882	-0.844592	0.0672759	0.531167	255.161	
0.535876	0.151883	0.830523	10.4887	-0.0265744	0.986233	-0.163213	-49.1593	-0.843878	0.0653912	0.532535	255.69	
0.534778	0.15103	0.831386	11.3106	-0.0294672	0.986632	-0.160278	-49.3493	-0.844479	0.0612144	0.532079	256.227	
0.533399	0.151144	0.832251	12.1171	-0.0312455	0.986755	-0.159177	-49.518	-0.845287	0.0589009	0.531057	256.794	
0.534597	0.151569	0.831404	12.938	-0.0321974	0.986724	-0.159181	-49.6975	-0.844494	0.0583287	0.53238	257.336	
0.533555	0.152997	0.831812	13.7427	-0.03418	0.986599	-0.159543	-49.867	-0.845074	0.0566938	0.531635	257.905	
0.532499	0.153142	0.832462	14.5445	-0.0359485	0.986701	-0.158521	-50.0326	-0.845667	0.0544866	0.530923	258.479	
0.535762	0.152368	0.830508	15.3868	-0.0382456	0.986953	-0.156397	-50.2132	-0.843502	0.0520286	0.5346	258.987	
0.54228	0.150458	0.826617	16.2509	-0.0391037	0.987289	-0.15405	-50.3865	-0.839288	0.0512145	0.54127	259.459	
0.544562	0.151066	0.825004	17.0723	-0.0402745	0.987221	-0.154185	-50.5685	-0.837753	0.0507367	0.543687	260	
0.547038	0.1502	0.823523	17.8829	-0.0419362	0.987453	-0.152242	-50.7596	-0.836057	0.0487469	0.546473	260.553	
0.550672	0.150142	0.821108	18.7006	-0.0451874	0.98761	-0.150283	-50.9334	-0.833498	0.0456527	0.550633	261.102	
0.55125	0.14838	0.82104	19.4744	-0.0467173	0.988005	-0.147188	-51.0914	-0.833031	0.0427808	0.55157	261.716	
0.555412	0.146776	0.81852	20.2646	-0.0473927	0.988287	-0.14506	-51.2646	-0.830224	0.0417762	0.555863	262.303	
0.562049	0.143541	0.814553	21.0819	-0.0464659	0.98875	-0.142176	-51.4359	-0.825798	0.0420611	0.562395	262.853	
0.569265	0.144065	0.809434	21.8914	-0.0464367	0.98859	-0.143294	-51.593	-0.820842	0.0439846	0.569459	263.419	
0.576189	0.142172	0.804856	22.6926	-0.0462124	0.988846	-0.14159	-51.7577	-0.816009	0.044388	0.576332	263.995	
0.583089	0.142405	0.79983	23.4959	-0.048916	0.988885	-0.140404	-51.9076	-0.810934	0.0427437	0.583574	264.571	
0.589618	0.140407	0.795384	24.2856	-0.0516459	0.989313	-0.136356	-52.0803	-0.806029	0.0393197	0.590569	265.16	
0.595549	0.141108	0.790829	25.0601	-0.0541225	0.989263	-0.135756	-52.2419	-0.801494	0.0380479	0.596792	265.771	
0.605389	0.138441	0.783798	25.852	-0.0520164	0.989533	-0.134604	-52.3991	-0.794229	0.0407172	0.606253	266.361	
0.614527	0.136836	0.776938	26.6357	-0.0513618	0.989692	-0.133682	-52.549	-0.787222	0.0422461	0.615221	266.964	
0.624102	0.135095	0.769575	27.4094	-0.050423	0.98985	-0.132872	-52.6942	-0.779714	0.044121	0.624579	267.581	
0.631205	0.13432	0.763897	28.1651	-0.0506792	0.989928	-0.132189	-52.8304	-0.773959	0.0447244	0.631655	268.221	
0.641897	0.133202	0.755133	28.939	-0.0519733	0.990089	-0.130468	-52.978	-0.765027	0.0445003	0.642458	268.837	
0.65092	0.134179	0.747194	29.6804	-0.0548517	0.989996	-0.129997	-53.125	-0.757162	0.0436326	0.651768	269.492	
0.660037	0.132303	0.739491	30.4203	-0.054887	0.990232	-0.128174	-53.2778	-0.749226	0.0440107	0.660851	270.147	
0.669486	0.132126	0.730979	31.1667	-0.0565546	0.990264	-0.127195	-53.4096	-0.740668	0.0438148	0.670441	270.799	
0.678244	0.130677	0.723124	31.8954	-0.0592818	0.990584	-0.123408	-53.5522	-0.732441	0.0408327	0.679605	271.469	
0.687269	0.128035	0.71503	32.6258	-0.0614619	0.991064	-0.118387	-53.6984	-0.723798	0.0374163	0.688997	272.137	
0.693977	0.12614	0.708861	33.2963	-0.0628637	0.991389	-0.114871	-53.8447	-0.717247	0.0351561	0.695931	272.864	
0.703157	0.121376	0.700598	33.9935	-0.0597394	0.991923	-0.11189	-53.9824	-0.70852	0.0368228	0.704729	273.567	
0.711663	0.118543	0.692447	34.6693	-0.0585752	0.992241	-0.109665	-54.1063	-0.700075	0.037484	0.713085	274.294	
0.721937	0.116284	0.682118	35.3561	-0.0589352	0.992529	-0.106827	-54.2254	-0.689444	0.0369213	0.723397	275.011	
0.731185	0.114476	0.672505	36.0265	-0.0599109	0.992786	-0.103856	-54.3506	-0.679543	0.0356479	0.732769	275.742	
0.741215	0.112965	0.661694	36.7117	-0.060965	0.992993	-0.101233	-54.4787	-0.668493	0.0346949	0.742908	276.459	
0.749765	0.113293	0.651933	37.3407	-0.0621367	0.992935	-0.101091	-54.5958	-0.65878	0.0352853	0.751508	277.228	
0.757835	0.11021	0.64307	37.9742	-0.0613872	0.993302	-0.0978901	-54.7092	-0.649551	0.0347083	0.759525	277.993	
0.76641	0.110771	0.632728	38.5935	-0.0628271	0.993223	-0.097781	-54.8317	-0.639271	0.0351879	0.768176	278.769	
0.774352	0.111257	0.622897	39.224	-0.064259	0.993158	-0.097507	-54.948	-0.629484	0.035478	0.776203	279.536	
0.780305	0.113562	0.615003	39.8246	-0.0669394	0.992892	-0.0984094	-55.0649	-0.621807	0.0356214	0.78236	280.327	
0.784786	0.116188	0.608779	40.3742	-0.0704913	0.99263	-0.0985767	-55.1978	-0.615745	0.034448	0.787192	281.152	
0.791567	0.117627	0.599654	40.995	-0.0713498	0.992378	-0.100478	-55.3211	-0.606902	0.0367501	0.793926	281.926	
0.798711	0.117856	0.590059	41.6062	-0.0707524	0.992223	-0.102411	-55.4286	-0.59754	0.0400484	0.800838	282.71	
0.803255	0.120747	0.583268	42.1698	-0.0748939	0.99194	-0.102208	-55.5491	-0.590908	0.0384163	0.805824	283.528	
0.807165	0.125724	0.576782	42.7196	-0.0810385	0.991406	-0.102695	-55.6531	-0.584736	0.0361502	0.810417	284.356	
0.812262	0.129544	0.568726	43.2833	-0.0863342	0.990987	-0.102422	-55.7943	-0.576869	0.0340929	0.816125	285.17	
0.816118	0.133278	0.562306	43.8418	-0.0898844	0.990475	-0.104306	-55.9125	-0.570852	0.0345839	0.820324	285.991	
0.821546	0.136431	0.553578	44.4319	-0.0947742	0.990118	-0.103366	-56.0458	-0.56221	0.0324554	0.826358	286.787	
0.822659	0.140248	0.550965	44.9323	-0.0994842	0.989655	-0.103374	-56.1808	-0.559764	0.0302293	0.828101	287.643	
0.822627	0.144128	0.550011	45.4441	-0.0999696	0.988933	-0.109625	-56.2886	-0.559724	0.0351961	0.827931	288.495	
0.823418	0.147545	0.547917	45.9725	-0.0991491	0.988159	-0.117092	-56.399	-0.558705	0.0420901	0.828297	289.337	
0.824397	0.149835	0.545819	46.5234	-0.0992932	0.987655	-0.121154	-56.5387	-0.557234	0.0456828	0.829098	290.159	
0.825229	0.150848	0.544282	47.0741	-0.100067	0.987478	-0.121959	-56.6786	-0.555863	0.0461796	0.82999	290.982	
0.824067	0.150656	0.546092	47.5737	-0.10011	0.987545	-0.121375	-56.7984	-0.557577	0.045352	0.828886	291.84	
0.824323	0.151504	0.54547	48.1072	-0.101901	0.987496	-0.120282	-56.9442	-0.556873	0.043567	0.829454	292.674	
0.824596	0.149966	0.545483	48.6431	-0.0997302	0.987658	-0.120771	-57.0695	-0.556862	0.0451859	0.829375	293.508	
0.825818	0.149247	0.543829	49.21	-0.0983624	0.987682	-0.121691	-57.2036	-0.555292	0.047002	0.830326	294.321	
0.825304	0.147333	0.54513	49.7103	-0.0964267	0.987954	-0.12103	-57.3399	-0.556395	0.047321	0.829569	295.176	
0.82757	0.14512	0.54228	50.2689	-0.0953928	0.988313	-0.118906	-57.5171	-0.553198	0.046673	0.831741	295.987	
0.828105	0.143365	0.54193	50.7871	-0.0952059	0.988668	-0.116067	-57.6719	-0.552429	0.0445207	0.83237	296.828	
0.830515	0.142182	0.538544	51.3123	-0.0951198	0.988872	-0.114384	-57.8083	-0.548814	0.0437718	0.834798	297.668	
0.836184	0.139993	0.530282	51.8791	-0.0945455	0.989194	-0.112059	-57.9634	-0.540239	0.0435661	0.840383	298.477	
0.841533	0.137599	0.522387	52.4115	-0.0930862	0.989487	-0.110679	-58.0981	-0.532124	0.0445134	0.845495	299.312	
0.846948	0.1354	0.514145	52.9188	-0.0918257	0.989749	-0.109386	-58.2224	-0.523685	0.0454328	0.850699	300.165	
0.853129	0.135669	0.503751	53.4183	-0.0929996	0.989678	-0.109038	-58.3484	-0.513345	0.0461749	0.856939	301.022	
0.859913	0.13535	0.492169	53.9003	-0.0928543	0.989595	-0.109912	-58.4719	-0.501924	0.0488144	0.863533	301.89	
0.864916	0.137399	0.482745	54.3527	-0.0948525	0.989215	-0.111607	-58.6009	-0.492873	0.0507408	0.86862	302.772	
0.872781	0.135977	0.468789	54.8708	-0.0949786	0.989367	-0.110146	-58.7101	-0.478782	0.0516084	0.876416	303.621	
0.879075	0.134885	0.457203	55.3281	-0.0953471	0.989503	-0.108598	-58.8394	-0.467051	0.0518731	0.882707	304.5	
0.885067	0.133461	0.445919	55.7557	-0.0940216	0.989525	-0.109544	-58.9516	-0.455868	0.0550278	0.888345	305.397	
0.891342	0.133229	0.433311	56.1985	-0.0944411	0.98944	-0.109951	-59.0874	-0.443384	0.057082	0.894512	306.284	
0.897427	0.13331	0.420539	56.6284	-0.09561	0.989367	-0.109596	-59.2196	-0.430677	0.0581464	0.900631	307.177	
0.902746	0.136247	0.408028	57.0362	-0.0986696	0.988811	-0.111877	-59.3423	-0.418706	0.0607366	0.906089	308.082	
0.907968	0.137295	0.395909	57.4359	-0.0993414	0.988393	-0.114933	-59.4664	-0.407094	0.0650255	0.911069	308.99	
0.912226	0.1413	0.384548	57.8202	-0.10347	0.987672	-0.117463	-59.5915	-0.396405	0.0673634	0.915601	309.904	
0.915151	0.145805	0.375818	58.1805	-0.108083	0.98691	-0.119698	-59.7191	-0.388351	0.0689223	0.91893	310.829	
0.917643	0.147724	0.368929	58.538	-0.110037	0.986497	-0.121309	-59.8418	-0.381867	0.0707226	0.921507	311.754	
0.919514	0.146669	0.364668	58.9041	-0.109587	0.986646	-0.120503	-59.9874	-0.377472	0.0708412	0.923307	312.673	
0.921146	0.144176	0.361528	59.25	-0.107696	0.98701	-0.119215	-60.1338	-0.37402	0.0708799	0.924708	313.6	
0.923364	0.142274	0.356591	59.6114	-0.10634	0.987239	-0.118534	-60.279	-0.368905	0.07153	0.926711	314.521	
0.925179	0.139517	0.352958	59.9526	-0.103786	0.987538	-0.11831	-60.4079	-0.365065	0.0728264	0.928129	315.452	
0.927225	0.136853	0.348605	60.295	-0.101686	0.987871	-0.117346	-60.5621	-0.360436	0.0733581	0.929895	316.379	
0.929522	0.135741	0.342876	60.6543	-0.100166	0.987768	-0.119501	-60.6913	-0.354903	0.0767343	0.931749	317.303	
0.931261	0.136602	0.337775	60.9935	-0.100652	0.987434	-0.121833	-60.8254	-0.350173	0.079461	0.933308	318.235	
0.93339	0.136907	0.331723	61.3214	-0.100912	0.987202	-0.12349	-60.9562	-0.344384	0.0817894	0.935259	319.17	
0.935663	0.136753	0.325321	61.6393	-0.101783	0.987264	-0.12227	-61.0951	-0.337899	0.0812915	0.937665	320.108	
0.938006	0.138364	0.317806	61.9637	-0.105185	0.987262	-0.119372	-61.2394	-0.330275	0.0785433	0.940611	321.043	
0.940125	0.137953	0.311663	62.2641	-0.105865	0.987389	-0.117713	-61.3768	-0.323972	0.077671	0.942873	321.987	
0.941825	0.137251	0.306801	62.5523	-0.105118	0.987315	-0.118992	-61.5047	-0.319241	0.0798193	0.944306	322.936	
0.943442	0.13502	0.302798	62.8537	-0.102133	0.987261	-0.122006	-61.6488	-0.315414	0.0841794	0.945213	323.878	
0.943695	0.133022	0.302894	63.1023	-0.0998211	0.987418	-0.122643	-61.7753	-0.315397	0.0855021	0.9451	324.839	
0.944878	0.130381	0.300344	63.4188	-0.0972397	0.987652	-0.122831	-61.8956	-0.312651	0.0868551	0.945889	325.78	
0.944675	0.132772	0.299933	63.7197	-0.0995049	0.987324	-0.123657	-62.0179	-0.312549	0.0869707	0.945912	326.725	
0.941959	0.138978	0.305612	63.9955	-0.105348	0.986675	-0.12399	-62.1646	-0.318772	0.0845982	0.944048	327.675	
0.937997	0.144767	0.314968	64.2866	-0.110235	0.986025	-0.124914	-62.3124	-0.32865	0.0824487	0.940846	328.621	
0.933233	0.149461	0.326707	64.5676	-0.113954	0.985546	-0.125357	-62.4612	-0.34072	0.0797578	0.936776	329.569	
0.929411	0.150278	0.337065	64.882	-0.11416	0.985612	-0.124647	-62.6157	-0.350947	0.0773692	0.933194	330.505	
0.925979	0.148092	0.347321	65.2018	-0.111927	0.986188	-0.12209	-62.7671	-0.360604	0.074178	0.929765	331.441	
0.923402	0.145548	0.355169	65.5487	-0.109579	0.986771	-0.119482	-62.928	-0.367861	0.0714111	0.927135	332.365	
0.922913	0.143979	0.357074	65.9379	-0.107573	0.986939	-0.119913	-63.0601	-0.369676	0.0722582	0.926347	333.276	
0.922763	0.140671	0.358776	66.3127	-0.10383	0.987321	-0.120065	-63.2095	-0.371117	0.0735395	0.925669	334.191	
0.922866	0.136627	0.360071	66.6558	-0.0994835	0.987797	-0.119837	-63.3667	-0.372049	0.0747724	0.925196	335.117	
0.925361	0.131034	0.355721	67.0107	-0.0947859	0.988531	-0.117566	-63.5257	-0.367046	0.0750733	0.927168	336.039	
0.929022	0.127367	0.347414	67.3871	-0.092216	0.988962	-0.115973	-63.6861	-0.35835	0.075704	0.930513	336.951	
0.932843	0.121991	0.339	67.7167	-0.0875716	0.989487	-0.115097	-63.8278	-0.349477	0.0776808	0.933719	337.884	
0.937181	0.11752	0.328452	68.0456	-0.0846896	0.990027	-0.112584	-63.9881	-0.338408	0.0776953	0.937787	338.815	
0.943156	0.112713	0.312653	68.4061	-0.0812166	0.99038	-0.112037	-64.1096	-0.322273	0.0802756	0.943237	339.74	
0.948859	0.107616	0.296792	68.7066	-0.0778059	0.990824	-0.11052	-64.2378	-0.305962	0.0817754	0.948525	340.685	
0.954887	0.102508	0.278716	68.9848	-0.074302	0.991153	-0.109974	-64.371	-0.287524	0.0843039	0.954056	341.636	
0.961612	0.0953204	0.257326	69.2754	-0.0691134	0.99163	-0.109053	-64.5117	-0.265567	0.0870825	0.960151	342.583	
0.968103	0.0920742	0.233021	69.5397	-0.0677437	0.99158	-0.110359	-64.6372	-0.241221	0.0910533	0.966189	343.539	
0.97364	0.0881134	0.210382	69.7367	-0.0661092	0.991793	-0.109437	-64.7895	-0.218298	0.0926445	0.971475	344.507	
0.978927	0.083892	0.186181	69.8893	-0.0639583	0.991804	-0.110612	-64.9299	-0.193934	0.0963732	0.976269	345.486	
0.984097	0.0798705	0.15866	70.0482	-0.0621841	0.991593	-0.113474	-65.0651	-0.16639	0.101803	0.980791	346.464	
0.988705	0.0779007	0.128036	70.2236	-0.0631213	0.991277	-0.115693	-65.185	-0.135932	0.106304	0.984998	347.441	
0.992263	0.0752139	0.0987785	70.3276	-0.0635262	0.99115	-0.11656	-65.3173	-0.106671	0.109383	0.988259	348.427	
0.995185	0.0696059	0.0690028	70.415	-0.0612879	0.991346	-0.116092	-65.4433	-0.0764863	0.111304	0.990839	349.415	
0.997025	0.0674373	0.0373235	70.4753	-0.0626025	0.991006	-0.118275	-65.5735	-0.0449639	0.115587	0.992279	350.404	
0.998006	0.062717	0.0070865	70.5044	-0.0614166	0.990873	-0.119996	-65.7062	-0.0145476	0.119322	0.992749	351.395	
0.997999	0.0597036	-0.0208	70.4739	-0.0617925	0.990708	-0.121156	-65.8485	0.0133733	0.122198	0.992416	352.385	
0.997221	0.057517	-0.0473601	70.4523	-0.0629868	0.99034	-0.123528	-65.9856	0.0397977	0.126168	0.99121	353.375	
0.995877	0.0571523	-0.070446	70.4293	-0.0656284	0.990039	-0.124561	-66.1119	0.0626254	0.12867	0.989708	354.367	
0.994394	0.0601499	-0.0869679	70.319	-0.0704368	0.99021	-0.120514	-66.2556	0.0788675	0.125964	0.988895	355.35	
0.992917	0.0665443	-0.0984252	70.2094	-0.0777153	0.99039	-0.114402	-66.386	0.0898665	0.121241	0.988547	356.335	
0.992107	0.0691782	-0.104584	70.0924	-0.081149	0.990055	-0.114916	-66.5111	0.095594	0.122496	0.987855	357.321	
0.9917	0.0715544	-0.106824	69.9761	-0.0844981	0.988924	-0.122023	-66.6247	0.0969092	0.130037	0.986762	358.307	
0.991422	0.0731239	-0.108328	69.8705	-0.0867812	0.988066	-0.127257	-66.7486	0.0977299	0.135566	0.985936	359.294	
0.99124	0.075817	-0.10814	69.7506	-0.0894652	0.987793	-0.12752	-66.8884	0.0971513	0.136078	0.985923	360.277	
0.991459	0.0765494	-0.105594	69.6495	-0.0897811	0.98785	-0.126853	-67.0371	0.0946001	0.13525	0.986285	361.261	
0.991926	0.0777452	-0.100188	69.4955	-0.0901806	0.987891	-0.12625	-67.1675	0.0891592	0.134266	0.986926	362.24	
0.992451	0.0758139	-0.0964014	69.3899	-0.0879985	0.98771	-0.129168	-67.2941	0.0854239	0.136676	0.986926	363.226	
0.992889	0.0750025	-0.0924461	69.2698	-0.0869811	0.987263	-0.133218	-67.4419	0.0812769	0.140312	0.986766	364.208	
0.992953	0.0732998	-0.09312	69.2106	-0.0857502	0.986765	-0.137632	-67.594	0.0817992	0.144647	0.986096	365.195	
0.993227	0.0719148	-0.0912565	69.1169	-0.084309	0.986531	-0.140174	-67.7356	0.0799468	0.146919	0.985912	366.18	
0.993494	0.0719665	-0.0882663	69.0065	-0.0837774	0.986831	-0.138372	-67.8855	0.0771457	0.144867	0.986439	367.163	
0.993463	0.0746718	-0.0863408	68.8692	-0.0859595	0.987052	-0.135425	-68.0412	0.0751104	0.141962	0.987018	368.141	
0.993297	0.0761725	-0.0869375	68.7771	-0.0874938	0.986992	-0.134875	-68.1856	0.0755329	0.141578	0.987041	369.126	
0.993069	0.0783377	-0.0876213	68.6989	-0.0897431	0.98679	-0.134879	-68.3283	0.0758977	0.141807	0.98698	370.113	
0.992735	0.0811961	-0.0887932	68.6135	-0.0927385	0.986535	-0.134717	-68.4752	0.0766591	0.141973	0.986898	371.098	
0.992369	0.0827502	-0.091411	68.543	-0.0947531	0.98618	-0.135908	-68.6156	0.0789013	0.143532	0.986495	372.086	
0.992216	0.0851116	-0.0909039	68.4167	-0.0971589	0.985713	-0.137585	-68.7575	0.0778951	0.145346	0.98631	373.068	
0.992171	0.0836729	-0.0927096	68.3143	-0.0963203	0.985223	-0.141623	-68.894	0.0794896	0.149444	0.98557	374.053	
0.992187	0.0798076	-0.0958895	68.2264	-0.0931633	0.985179	-0.144027	-69.0429	0.0829738	0.151835	0.984917	375.038	
0.992108	0.0752478	-0.100297	68.1288	-0.089339	0.985485	-0.144355	-69.1916	0.0879786	0.152177	0.98443	376.022	
0.991887	0.0694592	-0.106472	68.0339	-0.084546	0.985892	-0.144458	-69.3431	0.0949359	0.152288	0.983766	377.006	
0.991123	0.0628631	-0.117151	67.9567	-0.0797412	0.986145	-0.145463	-69.5025	0.106384	0.153513	0.982403	377.99	
0.990625	0.0573784	-0.123976	67.8068	-0.0754695	0.98632	-0.146549	-69.6651	0.113871	0.154532	0.981404	378.965	
0.989662	0.0553833	-0.132298	67.6453	-0.075016	0.986084	-0.148361	-69.8285	0.12224	0.156752	0.980044	379.938	
0.988464	0.051706	-0.142354	67.5332	-0.0731233	0.98604	-0.149596	-69.9879	0.132632	0.15828	0.978446	380.919	
0.987174	0.0470876	-0.152548	67.4014	-0.0703136	0.986085	-0.150637	-70.1458	0.143332	0.159431	0.976748	381.898	
0.985812	0.0450388	-0.161701	67.2355	-0.0696313	0.986261	-0.149803	-70.3159	0.152732	0.158937	0.975403	382.869	
0.984421	0.0415538	-0.170845	67.0667	-0.067725	0.986312	-0.15034	-70.4788	0.162259	0.159569	0.973761	383.841	
0.982916	0.0401152	-0.179632	66.8932	-0.0679939	0.986063	-0.151845	-70.6449	0.171037	0.161464	0.971944	384.812	
0.981516	0.0398677	-0.187182	66.6988	-0.0690434	0.98596	-0.15204	-70.8208	0.178493	0.162154	0.970488	385.777	
0.980455	0.0380834	-0.193024	66.4777	-0.0684061	0.985863	-0.152955	-70.9933	0.184471	0.16317	0.969199	386.737	
0.978548	0.0384695	-0.202395	66.3186	-0.0701485	0.985925	-0.151761	-71.1871	0.193708	0.162703	0.967474	387.705	
0.977236	0.0378658	-0.208749	66.094	-0.0706161	0.985894	-0.151747	-71.3614	0.200058	0.163033	0.966125	388.664	
0.976161	0.0344749	-0.214292	65.8683	-0.0684549	0.985816	-0.153236	-71.5293	0.205969	0.164252	0.964675	389.623	
0.974549	0.0299355	-0.222165	65.6854	-0.0654609	0.985851	-0.154313	-71.7096	0.214402	0.164929	0.96272	390.59	
0.97302	0.0269123	-0.229146	65.4654	-0.064842	0.985042	-0.159648	-71.8712	0.221422	0.170199	0.960211	391.552	
0.972123	0.0206131	-0.233563	65.2406	-0.0607885	0.984225	-0.166148	-72.0346	0.226453	0.175715	0.958041	392.512	
0.970654	0.0173229	-0.239855	65.02	-0.05909	0.984004	-0.168061	-72.2039	0.233107	0.177302	0.956151	393.473	
0.969045	0.0147287	-0.246446	64.8155	-0.057325	0.984361	-0.166577	-72.3729	0.240138	0.175548	0.954734	394.437	
0.967661	0.0114584	-0.251994	64.59	-0.0552283	0.984355	-0.167318	-72.5493	0.246134	0.175824	0.953155	395.395	
0.966926	0.0111873	-0.254811	64.3344	-0.0558355	0.98409	-0.168672	-72.7139	0.24887	0.177321	0.952167	396.348	
0.966065	0.0123644	-0.258004	64.0717	-0.0573279	0.984205	-0.167491	-72.8956	0.251858	0.176598	0.951515	397.296	
0.965216	0.010239	-0.261254	63.8283	-0.0554042	0.98455	-0.166107	-73.0776	0.255517	0.174804	0.95087	398.248	
0.96545	0.00821074	-0.260458	63.5352	-0.0523483	0.985239	-0.162983	-73.2618	0.255275	0.170986	0.951629	399.186	
0.965705	0.00265579	-0.259627	63.2628	-0.0463156	0.985672	-0.162193	-73.4334	0.255476	0.168655	0.951991	400.133	
0.965075	-0.00213037	-0.261966	63.0438	-0.0421057	0.985705	-0.163132	-73.6151	0.258569	0.168465	0.95119	401.092	
0.964842	-0.00640419	-0.262754	62.7795	-0.0376635	0.986017	-0.162334	-73.8034	0.26012	0.166523	0.951109	402.038	
0.964417	-0.0110149	-0.264155	62.5177	-0.0339601	0.985694	-0.165089	-73.972	0.262195	0.168185	0.950246	402.988	
0.965192	-0.0131389	-0.261213	62.1953	-0.0317822	0.985444	-0.167004	-74.1318	0.259605	0.169493	0.950725	403.921	
0.96482	-0.0144308	-0.262516	61.9364	-0.0307807	0.985426	-0.167298	-74.3212	0.261104	0.169493	0.950314	404.868	
0.96552	-0.0147114	-0.259913	61.6133	-0.0297157	0.985648	-0.166176	-74.4977	0.258627	0.16817	0.951226	405.798	
0.965096	-0.0137672	-0.261533	61.3556	-0.0305425	0.985887	-0.164604	-74.6717	0.260108	0.166846	0.951055	406.748	
0.964084	-0.0125755	-0.265298	61.1181	-0.031681	0.986302	-0.16188	-74.8525	0.2637	0.164471	0.95048	407.703	
0.964376	-0.0113159	-0.264294	60.8299	-0.0322651	0.986594	-0.159973	-75.0147	0.262561	0.162802	0.951082	408.647	
0.963076	-0.00931113	-0.269067	60.5924	-0.0339946	0.987197	-0.15584	-75.2081	0.267073	0.159232	0.95043	409.599	
0.962516	-0.00822113	-0.271101	60.3244	-0.0348918	0.987482	-0.153825	-75.3791	0.268972	0.157518	0.95018	410.547	
0.962874	-0.00700987	-0.269861	60.0534	-0.0354984	0.987694	-0.152316	-75.5516	0.267608	0.15624	0.950776	411.494	
0.963244	-0.00633904	-0.268552	59.791	-0.0353924	0.988012	-0.150267	-75.7207	0.266285	0.154249	0.951472	412.444	
0.963624	-0.00821939	-0.267136	59.5177	-0.0328769	0.98829	-0.149003	-75.8784	0.265233	0.152365	0.952069	413.393	
0.963963	-0.00682042	-0.26595	59.245	-0.0335729	0.988561	-0.147041	-76.0371	0.263911	0.15067	0.952706	414.341	
0.96455	-0.00385499	-0.263873	58.951	-0.035655	0.988822	-0.144778	-76.1888	0.261482	0.149054	0.95363	415.285	
0.965083	-0.00207156	-0.261936	58.6615	-0.0363716	0.989222	-0.141832	-76.3684	0.259406	0.146407	0.954606	416.225	
0.965663	-0.0013004	-0.259796	58.3772	-0.0369232	0.98915	-0.142195	-76.5223	0.257163	0.146905	0.955137	417.172	
0.966249	-0.00077783	-0.257609	58.0951	-0.0371909	0.989098	-0.142484	-76.6848	0.254911	0.147255	0.955686	418.117	
0.966762	-0.0014655	-0.255672	57.8272	-0.0357799	0.989368	-0.140964	-76.8521	0.253161	0.145427	0.956431	419.066	
0.967089	-0.00394436	-0.254407	57.5623	-0.0325836	0.989727	-0.139207	-77.0014	0.252342	0.142915	0.957026	420.019	
0.967454	-0.00612307	-0.252974	57.3116	-0.0293911	0.990222	-0.136369	-77.172	0.251335	0.139366	0.957814	420.972	
0.968321	-0.00765372	-0.249592	57.0189	-0.0268889	0.990522	-0.134693	-77.338	0.248257	0.137137	0.958938	421.913	
0.968913	-0.00656512	-0.247314	56.7341	-0.0277435	0.990459	-0.134985	-77.4868	0.24584	0.13765	0.959487	422.86	
0.969542	-0.00914215	-0.244754	56.4704	-0.0249324	0.990428	-0.13576	-77.6402	0.243652	0.137727	0.960034	423.813	
0.969449	-0.0100073	-0.24509	56.2364	-0.0239855	0.990512	-0.135318	-77.8029	0.244118	0.137062	0.960011	424.771	
0.969003	-0.0155432	-0.246561	56.0175	-0.0187173	0.990532	-0.136003	-77.9617	0.246341	0.136403	0.959537	425.734	
0.968754	-0.0171208	-0.247433	55.7832	-0.0176989	0.990299	-0.137818	-78.1134	0.247392	0.137891	0.959053	426.694	
0.969249	-0.0177022	-0.245446	55.5116	-0.0168147	0.990314	-0.137824	-78.2631	0.245508	0.137713	0.959563	427.645	
0.969773	-0.01807	-0.243338	55.2147	-0.0158175	0.990501	-0.136591	-78.4218	0.243495	0.136311	0.960276	428.586	
0.969366	-0.0183445	-0.244937	54.9878	-0.0149608	0.990946	-0.133426	-78.5779	0.245166	0.133003	0.960314	429.548	
0.968505	-0.0202215	-0.24817	54.7802	-0.0138563	0.990775	-0.134806	-78.7148	0.248607	0.133999	0.959291	430.516	
0.968238	-0.0201266	-0.24922	54.5304	-0.0137782	0.990945	-0.133556	-78.8856	0.249652	0.132748	0.959193	431.469	
0.967826	-0.0206757	-0.250771	54.2886	-0.0140693	0.990612	-0.135974	-79.0221	0.251228	0.135127	0.958449	432.43	
0.968	-0.0189319	-0.250236	54.0206	-0.0153257	0.990829	-0.134248	-79.1884	0.250483	0.133787	0.958832	433.379	
0.968111	-0.0199146	-0.249728	53.7329	-0.0140294	0.990961	-0.133412	-79.3362	0.250127	0.132661	0.959082	434.325	
0.967959	-0.0208353	-0.250244	53.4772	-0.012862	0.99113	-0.132273	-79.4925	0.25078	0.131253	0.959105	435.279	
0.967829	-0.0209095	-0.25074	53.2055	-0.0129714	0.991069	-0.132714	-79.6382	0.251276	0.131697	0.958914	436.231	
0.968082	-0.0199295	-0.249839	52.9224	-0.0136712	0.991151	-0.132037	-79.7841	0.25026	0.131238	0.959243	437.179	
0.96787	-0.0187347	-0.250753	52.6765	-0.0147199	0.991289	-0.130879	-79.9357	0.251021	0.130365	0.959163	438.136	
0.968264	-0.0168327	-0.249361	52.3943	-0.0157971	0.991613	-0.128277	-80.0978	0.249428	0.128145	0.959877	439.081	
0.968285	-0.0163667	-0.249312	52.135	-0.0160669	0.991708	-0.127504	-80.2288	0.249332	0.127466	0.959993	440.038	
0.967909	-0.0152272	-0.250839	51.9111	-0.0169535	0.991932	-0.125634	-80.3703	0.250728	0.125855	0.959842	441.003	
0.967767	-0.0157958	-0.251351	51.6755	-0.0153583	0.992472	-0.121504	-80.544	0.251378	0.121448	0.960239	441.959	
0.967128	-0.0176044	-0.253681	51.4524	-0.0131044	0.992825	-0.118857	-80.6819	0.253953	0.118274	0.959958	442.924	
0.96653	-0.0190801	-0.255844	51.2166	-0.0107026	0.993364	-0.114514	-80.8346	0.256332	0.11342	0.959912	443.884	
0.96586	-0.0205001	-0.258253	50.9641	-0.00894339	0.993632	-0.112322	-80.9546	0.258911	0.110797	0.959525	444.844	
0.965346	-0.0226593	-0.259988	50.7111	-0.00618648	0.993957	-0.109599	-81.1039	0.2609	0.107409	0.959372	445.8	
0.964264	-0.0252933	-0.263734	50.4905	-0.00377881	0.994018	-0.109147	-81.2299	0.264918	0.106243	0.9584	446.767	
0.963999	-0.0274573	-0.264483	50.2026	-0.00143311	0.994103	-0.108426	-81.3597	0.265901	0.104902	0.958276	447.716	
0.963748	-0.0273766	-0.265405	49.8987	-0.00141583	0.994183	-0.107691	-81.4865	0.26681	0.104163	0.958104	448.66	
0.963949	-0.0284224	-0.264564	49.6156	-0.000123647	0.994231	-0.107262	-81.6179	0.266086	0.103428	0.958384	449.61	
0.963959	-0.0296759	-0.26439	49.3449	0.00140916	0.994315	-0.106467	-81.7511	0.266047	0.102257	0.958521	450.563	
0.964295	-0.0276849	-0.263378	49.0563	-0.000442416	0.994351	-0.106141	-81.8719	0.264829	0.102467	0.958836	451.513	
0.964998	-0.0287252	-0.260678	48.7549	0.000887498	0.994335	-0.106285	-81.9954	0.262254	0.102333	0.959558	452.459	
0.964941	-0.0333338	-0.260341	48.5165	0.00527653	0.994166	-0.107735	-82.1334	0.262414	0.102584	0.959487	453.42	
0.965455	-0.0351262	-0.258191	48.2102	0.00749903	0.994207	-0.107218	-82.2519	0.260461	0.101578	0.960126	454.364	
0.965629	-0.035393	-0.257505	47.9461	0.00790931	0.994228	-0.106993	-82.3748	0.259805	0.101279	0.960335	455.321	
0.966225	-0.0343358	-0.255402	47.6451	0.00658962	0.994052	-0.108709	-82.4778	0.257616	0.103354	0.960704	456.269	
0.966503	-0.0353581	-0.254209	47.3807	0.00724366	0.993828	-0.110692	-82.6131	0.256554	0.105142	0.960794	457.224	
0.965721	-0.0371397	-0.256911	47.1921	0.00846108	0.99369	-0.111845	-82.7691	0.259444	0.105838	0.959941	458.193	
0.966247	-0.0362625	-0.255053	46.9118	0.00799889	0.993789	-0.11099	-82.9263	0.257494	0.105204	0.960536	459.14	
0.966385	-0.0362661	-0.25453	46.656	0.00796663	0.99375	-0.111345	-83.071	0.256977	0.105574	0.960634	460.096	
0.966557	-0.0371251	-0.253751	46.3989	0.00879465	0.993683	-0.111881	-83.2165	0.256302	0.105908	0.960777	461.052	
0.967548	-0.0365487	-0.25003	46.1012	0.00805413	0.993442	-0.114052	-83.3206	0.252559	0.108337	0.961497	462.001	
0.967729	-0.0370838	-0.249248	45.8878	0.00856411	0.993381	-0.114547	-83.4564	0.251846	0.108716	0.961641	462.968	
0.96847	-0.034801	-0.246687	45.6423	0.00601191	0.993172	-0.116508	-83.5594	0.249057	0.111352	0.962066	463.932	
0.969702	-0.0367282	-0.241514	45.3937	0.00807161	0.992911	-0.118589	-83.6867	0.244157	0.113046	0.963124	464.892	
0.971421	-0.0349907	-0.234771	45.1523	0.00683875	0.99279	-0.11967	-83.8195	0.237265	0.114645	0.964656	465.854	
0.973339	-0.0339602	-0.226843	44.964	0.00694124	0.992887	-0.118859	-83.9399	0.229266	0.114116	0.966651	466.828	
0.97591	-0.0302318	-0.216068	44.7551	0.00543375	0.993414	-0.114454	-84.0797	0.218105	0.110523	0.969647	467.796	
0.979042	-0.0269951	-0.201864	44.5531	0.00501942	0.994074	-0.108592	-84.2038	0.203599	0.105303	0.973375	468.768	
0.982642	-0.026063	-0.183674	44.329	0.0066063	0.99437	-0.105756	-84.3278	0.185396	0.102707	0.977282	469.734	
0.986054	-0.023824	-0.164715	44.1394	0.00649375	0.994455	-0.104962	-84.4601	0.166302	0.102429	0.980741	470.707	
0.989003	-0.0218113	-0.146275	44.0191	0.00653833	0.994546	-0.104091	-84.5714	0.147748	0.10199	0.983752	471.694	
0.992091	-0.018229	-0.124187	43.898	0.00548375	0.994748	-0.102208	-84.6803	0.125397	0.100719	0.986981	472.68	
0.994813	-0.0208594	-0.0995609	43.7639	0.0105475	0.994626	-0.102997	-84.7267	0.101174	0.101413	0.989686	473.67	
0.99722	-0.0187299	-0.0721143	43.6532	0.0111483	0.994501	-0.104134	-84.834	0.0736681	0.103041	0.991945	474.658	
0.998822	-0.0177303	-0.0451618	43.5983	0.0128274	0.994216	-0.106627	-84.9577	0.0467911	0.105922	0.993273	475.649	
0.999707	-0.0154567	-0.018642	43.5621	0.0133384	0.99397	-0.108841	-85.0915	0.0202119	0.10856	0.993884	476.639	
0.999865	-0.014496	0.00771366	43.5657	0.0152588	0.993781	-0.110298	-85.2081	-0.00606681	0.1104	0.993869	477.633	
0.999307	-0.0128367	0.0349311	43.573	0.0165809	0.993892	-0.109103	-85.3498	-0.0333172	0.109607	0.993416	478.622	
0.998035	-0.0127676	0.0613492	43.6178	0.0194005	0.993878	-0.10877	-85.4721	-0.0595848	0.109746	0.992172	479.614	
0.996072	-0.0147245	0.0873134	43.6783	0.0241676	0.993846	-0.108103	-85.5795	-0.0851844	0.109788	0.990298	480.606	
0.993482	-0.0140465	0.113121	43.7672	0.0261749	0.993973	-0.106456	-85.7215	-0.110944	0.108723	0.987862	481.592	
0.990456	-0.0130429	0.137208	43.914	0.0277729	0.993979	-0.105995	-85.8531	-0.135	0.108794	0.984855	482.573	
0.986522	-0.0128439	0.163126	44.0429	0.0304508	0.993911	-0.105898	-85.966	-0.160772	0.109438	0.980905	483.558	
0.982268	-0.0121323	0.187092	44.2384	0.0324649	0.993836	-0.106	-86.0964	-0.184652	0.110194	0.976607	484.53	
0.977531	-0.0108512	0.210511	44.4575	0.0339584	0.993736	-0.106465	-86.2287	-0.208037	0.111222	0.971777	485.496	
0.972616	-0.0101944	0.232196	44.6703	0.0360573	0.99356	-0.107414	-86.3684	-0.229605	0.112845	0.96672	486.463	
0.967537	-0.010019	0.25253	44.9153	0.0385613	0.993367	-0.108332	-86.4977	-0.249769	0.114553	0.961506	487.424	
0.962642	-0.0113502	0.270539	45.2219	0.0423661	0.993129	-0.109083	-86.6113	-0.267442	0.116469	0.956509	488.369	
0.957372	-0.00953294	0.2887	45.5017	0.0427749	0.993115	-0.109055	-86.7415	-0.285672	0.116756	0.951188	489.321	
0.951937	-0.00743416	0.306203	45.7991	0.0432062	0.992968	-0.110214	-86.8705	-0.303231	0.118146	0.945565	490.267	
0.946416	-0.0060276	0.322893	46.1286	0.0441224	0.992864	-0.110791	-86.9914	-0.319921	0.119101	0.939928	491.203	
0.939991	-0.00416916	0.341173	46.4294	0.0448071	0.992774	-0.11132	-87.1115	-0.338244	0.119926	0.933386	492.149	
0.933192	-0.0024514	0.359369	46.7566	0.0457188	0.992662	-0.111949	-87.2348	-0.356458	0.1209	0.926456	493.086	
0.926168	-0.000171211	0.37711	47.1114	0.0457042	0.992679	-0.111797	-87.3665	-0.37433	0.120778	0.919396	494.012	
0.918901	-0.000141032	0.394489	47.4898	0.0471095	0.992883	-0.109379	-87.5071	-0.391666	0.119093	0.912368	494.926	
0.91178	0.00170718	0.410675	47.8907	0.0464203	0.993154	-0.107191	-87.6547	-0.408047	0.116798	0.905459	495.831	
0.903996	0.00413565	0.427521	48.2934	0.0466151	0.993038	-0.108174	-87.7878	-0.424992	0.117718	0.89751	496.736	
0.896138	0.00508945	0.443745	48.7192	0.0484898	0.992824	-0.109312	-87.9197	-0.441117	0.119475	0.889461	497.631	
0.888344	0.00584814	0.459141	49.17	0.0512714	0.992403	-0.11184	-88.041	-0.456307	0.122893	0.881295	498.516	
0.879675	0.00973309	0.475477	49.618	0.050958	0.992106	-0.114586	-88.1706	-0.472838	0.125027	0.872234	499.4	
0.869554	0.0163961	0.493566	50.0459	0.0486073	0.991754	-0.118581	-88.312	-0.49144	0.127104	0.861587	500.293	
0.858496	0.0236288	0.512276	50.5123	0.0435772	0.991963	-0.118783	-88.4966	-0.510966	0.124298	0.850567	501.158	
0.847031	0.0269452	0.53086	51.0146	0.0410744	0.99241	-0.11591	-88.6631	-0.529954	0.119984	0.839495	502.007	
0.834837	0.0289158	0.549737	51.5455	0.0403251	0.992724	-0.113455	-88.8052	-0.549018	0.116885	0.827597	502.842	
0.82101	0.0306023	0.570093	52.091	0.0409862	0.992826	-0.11232	-88.9358	-0.569441	0.115582	0.813866	503.67	
0.805477	0.0317233	0.591777	52.6645	0.0426991	0.992864	-0.111343	-89.0542	-0.591087	0.114952	0.798375	504.48	
0.788959	0.0327846	0.613571	53.2681	0.0445352	0.992898	-0.110318	-89.1702	-0.61283	0.114362	0.781895	505.269	
0.77084	0.0326384	0.636193	53.8597	0.0478189	0.992904	-0.108878	-89.2957	-0.635232	0.11435	0.763809	506.066	
0.753089	0.0326888	0.657106	54.4938	0.0501828	0.993001	-0.106911	-89.4322	-0.656002	0.113489	0.746178	506.827	
0.734928	0.0320811	0.677385	55.1532	0.0524009	0.993207	-0.103891	-89.5644	-0.676117	0.111848	0.728255	507.567	
0.717415	0.0319868	0.695912	55.8572	0.0539266	0.993398	-0.101253	-89.6804	-0.694556	0.110169	0.710953	508.268	
0.699363	0.0329495	0.714007	56.5401	0.054853	0.993517	-0.0995761	-89.8114	-0.712659	0.108805	0.693021	508.986	
0.682457	0.0341556	0.730127	57.2477	0.0565605	0.993445	-0.0993414	-89.9358	-0.728734	0.109093	0.676052	509.682	
0.667024	0.033452	0.744285	57.9745	0.0594712	0.993413	-0.0979469	-90.0423	-0.742659	0.109596	0.660641	510.36	
0.651674	0.0331852	0.757773	58.7106	0.0598715	0.993675	-0.0950047	-90.1605	-0.756133	0.107281	0.645565	511.027	
0.637225	0.0345536	0.769903	59.4659	0.0580699	0.994002	-0.0926738	-90.2751	-0.768487	0.103762	0.631396	511.672	
